r = [
0,260,162,394,291,304,346,196,321,255,34,2,288,118,62,329,293,14,63,285,84,50,88,254,107,394,260,312,135,277,358,142,331,78,14,321,217,170,343,242,249,237,381,102,329,393,232,131,198,386,95,0
];
p = [
0,26,21,28,9,26,18,9,5,5,10,7,17,20,11,13,12,13,18,28,3,17,4,15,4,23,7,11,24,19,18,10,28,26,22,27,17,17,17,14,25,11,24,1,8,25,23,7,28,10,8,0
];
e = [
0,1,5,17,19,18,17,12,18,2,3,7,17,17,8,20,7,6,13,18,7,11,4,3,13,16,16,2,20,16,3,17,13,13,20,8,9,20,8,15,16,7,9,8,10,19,1,11,10,5,12,0
];
d = [
0,543,711,866,553,680,594,436,846,764,488,517,794,637,455,702,628,576,458,617,651,451,537,618,621,825,522,699,603,524,708,430,827,358,445,800,434,578,745,539,576,743,768,509,630,596,510,495,443,894,552,899
];
d_bar = [
0,556,722,880,558,693,603,441,849,767,493,521,803,647,461,709,634,583,467,631,653,460,539,626,623,837,526,705,615,534,717,435,841,371,456,814,443,587,754,546,589,749,780,510,634,609,522,499,457,899,556,899
];
w = [
0,0.076923077,0.454545455,1.214285714,3.8,1.384615385,1.888888889,2.4,6,0.666666667,0.6,1.75,1.888888889,1.7,1.333333333,2.857142857,1.166666667,0.857142857,1.444444444,1.285714286,3.5,1.222222222,2,0.375,6.5,1.333333333,4,0.333333333,1.666666667,1.6,0.333333333,3.4,0.928571429,1,1.818181818,0.571428571,1,2.222222222,0.888888889,2.142857143,1.230769231,1.166666667,0.75,8,2.5,1.461538462,0.083333333,2.75,0.714285714,1,3,0
];
