r = [
0,278,98,303,3,50,15,177,87,107,367,270,99,114,93,155,108,28,132,66,122,296,51,336,236,288,120,271,166,101,340,233,229,174,146,307,175,156,17,17,82,200,13,244,79,233,296,57,122,45,179,0
];
p = [
0,6,2,13,28,9,21,15,29,8,19,11,18,24,20,14,2,20,13,19,3,17,21,13,12,5,4,10,19,13,25,21,29,3,22,2,8,22,25,16,17,22,1,11,19,18,15,24,17,23,16,0
];
e = [
0,7,3,10,18,13,2,7,9,11,8,12,15,7,5,4,8,9,4,18,4,13,18,7,16,12,16,4,14,10,14,16,17,13,6,4,12,16,17,11,15,19,20,17,6,19,2,5,14,1,11,0
];
d = [
0,664,486,680,421,411,360,549,453,468,725,649,490,473,488,518,513,388,525,481,508,705,455,755,585,669,523,659,563,471,726,638,627,540,513,668,576,512,418,380,426,562,364,655,427,631,706,401,496,422,553,756
];
d_bar = [
0,665,487,681,424,412,362,551,456,469,727,650,492,475,490,519,514,390,526,483,509,707,457,756,586,670,524,660,565,472,729,640,630,541,515,669,577,514,421,382,428,564,365,656,429,633,708,403,498,424,555,756
];
w = [
0,7,3,10,6,13,1,3.5,3,11,4,12,7.5,3.5,2.5,4,8,4.5,4,9,4,6.5,9,7,16,12,16,4,7,10,4.666666667,8,5.666666667,13,3,4,12,8,5.666666667,5.5,7.5,9.5,20,17,3,9.5,1,2.5,7,0.5,5.5,0
];
