r = [
0,11,65,9,53,23,58,8,63,29,8,21,4,69,36,13,26,69,8,47,53,52,49,40,26,45,43,27,42,56,60,54,38,69,24,66,61,29,14,44,12,34,62,33,62,61,28,57,45,70,21,0
];
p = [
0,20,24,5,5,12,26,11,24,13,7,18,2,12,17,17,23,25,29,22,5,1,1,11,17,3,17,28,27,4,11,22,11,26,5,2,8,27,11,12,26,1,8,20,20,4,8,7,26,18,12,0
];
e = [
0,17,16,16,5,17,13,17,8,8,5,13,8,3,6,6,11,13,14,15,11,6,10,15,13,17,3,13,16,13,4,7,18,7,3,20,4,8,16,2,14,9,16,9,8,5,12,10,6,10,17,0
];
d = [
0,868,977,559,407,413,566,664,851,461,524,667,898,665,610,457,955,904,421,836,508,963,711,481,897,539,658,477,900,691,542,595,958,393,847,456,625,981,487,524,593,406,456,548,989,636,801,437,995,586,557,1018
];
d_bar = [
0,886,999,564,412,424,589,674,873,473,530,683,900,676,625,472,976,927,447,856,513,964,712,491,912,542,673,502,924,695,552,615,968,416,852,458,632,1005,497,535,616,407,463,566,1007,640,808,443,1018,602,568,1018
];
w = [
0,0.944444444,0.727272727,3.2,1,1.545454545,0.565217391,1.7,0.363636364,0.666666667,0.833333333,0.8125,4,0.272727273,0.4,0.4,0.523809524,0.565217391,0.538461538,0.75,2.2,6,10,1.5,0.866666667,5.666666667,0.2,0.52,0.666666667,3.25,0.4,0.35,1.8,0.304347826,0.6,10,0.571428571,0.333333333,1.6,0.181818182,0.608695652,9,2.285714286,0.5,0.444444444,1.25,1.714285714,1.666666667,0.260869565,0.625,1.545454545,0
];
