r = [
0,125,12,198,285,211,204,109,82,50,154,318,303,30,265,156,276,74,234,43,213,364,40,220,269,66,248,8,177,221,157,142,318,268,165,34,336,46,298,19,272,116,92,195,163,56,275,53,133,40,2,0
];
p = [
0,3,19,5,29,20,26,14,4,10,16,11,21,3,6,29,3,23,25,11,10,18,13,17,14,30,20,14,16,14,3,7,5,3,30,5,11,13,23,18,13,2,16,9,22,28,23,11,23,26,6,0
];
e = [
0,5,7,18,15,7,13,17,7,9,5,2,6,12,9,19,9,6,17,7,9,3,2,18,9,11,1,4,11,13,1,3,8,2,6,8,18,5,5,12,6,19,15,7,15,12,1,7,19,1,6,0
];
d = [
0,569,661,728,841,305,800,513,414,89,214,927,682,389,604,772,501,667,579,375,739,995,163,452,461,742,719,71,215,288,696,538,448,523,350,573,384,639,807,308,521,548,331,536,508,691,582,140,221,142,312,1011
];
d_bar = [
0,572,678,733,867,323,823,526,418,98,228,937,701,392,609,798,504,688,602,385,748,1011,175,467,474,769,737,84,229,301,699,544,453,526,377,578,394,651,828,324,533,550,345,544,528,716,603,150,242,165,317,1011
];
w = [
0,1.666666667,0.411764706,3.6,0.576923077,0.388888889,0.565217391,1.307692308,1.75,1,0.357142857,0.2,0.315789474,4,1.8,0.730769231,3,0.285714286,0.739130435,0.7,1,0.1875,0.166666667,1.2,0.692307692,0.407407407,0.055555556,0.307692308,0.785714286,1,0.333333333,0.5,1.6,0.666666667,0.222222222,1.6,1.8,0.416666667,0.238095238,0.75,0.5,9.5,1.071428571,0.875,0.75,0.48,0.047619048,0.7,0.904761905,0.043478261,1.2,0
];
