r = [
0,338,400,241,234,362,85,74,75,347,2,128,75,331,335,121,332,280,307,281,138,333,426,241,370,420,97,256,306,271,247,134,332,415,430,162,127,260,116,330,310,422,256,416,234,134,433,188,215,62,242,0
];
p = [
0,11,26,24,23,27,14,23,1,30,11,9,18,5,18,23,6,15,8,30,21,25,15,9,21,30,22,29,26,5,30,2,21,29,28,18,18,26,18,18,4,24,12,24,18,10,7,14,8,26,16,0
];
e = [
0,10,8,3,7,10,20,15,2,10,14,2,15,16,4,5,14,14,18,1,16,7,7,18,13,3,3,5,6,11,8,3,13,1,13,20,4,18,5,20,4,19,12,7,12,12,8,17,13,2,5,0
];
d = [
0,631,728,819,672,985,433,490,540,952,434,743,612,722,708,535,624,597,739,583,805,786,674,817,947,703,649,625,890,754,534,761,746,979,1041,548,452,875,774,693,858,750,745,709,854,449,841,669,867,450,720,1055
];
d_bar = [
0,637,741,831,684,999,440,502,541,967,440,748,621,725,717,547,627,605,743,598,816,799,682,822,958,718,660,640,903,757,549,762,757,994,1055,557,461,888,783,702,860,762,751,721,863,454,845,676,871,463,728,1055
];
w = [
0,1.666666667,0.615384615,0.25,0.583333333,0.714285714,2.857142857,1.25,2,0.666666667,2.333333333,0.4,1.666666667,5.333333333,0.444444444,0.416666667,4.666666667,1.75,4.5,0.066666667,1.454545455,0.538461538,0.875,3.6,1.181818182,0.2,0.272727273,0.333333333,0.461538462,3.666666667,0.533333333,3,1.181818182,0.066666667,0.928571429,2.222222222,0.444444444,1.384615385,0.555555556,2.222222222,2,1.583333333,2,0.583333333,1.333333333,2.4,2,2.428571429,3.25,0.153846154,0.625,0
];
