r = [
0,443,535,178,284,592,245,195,590,372,603,154,631,349,368,22,490,39,134,465,47,554,393,519,532,396,231,59,348,6,506,639,108,45,101,336,360,408,513,632,41,432,244,585,175,540,347,68,5,566,326,0
];
p = [
0,2,9,21,9,3,7,15,25,29,6,5,16,22,2,21,21,14,22,24,26,10,7,15,5,16,11,30,19,20,29,3,1,26,28,22,14,11,6,15,12,4,18,17,28,4,2,1,10,16,13,0
];
e = [
0,16,8,19,16,18,10,9,15,11,14,18,10,1,13,5,12,11,8,7,7,15,7,15,11,6,1,17,2,10,11,8,14,12,7,5,5,4,15,9,20,12,6,20,19,2,16,14,2,1,12,0
];
d = [
0,445,749,215,475,654,465,250,635,605,609,333,662,371,370,126,511,53,307,489,226,645,464,682,764,412,242,236,543,90,687,642,109,121,129,424,559,419,558,752,287,645,444,602,219,544,349,246,204,582,339,767
];
d_bar = [
0,446,754,226,480,656,469,258,648,620,612,336,670,382,371,137,522,60,318,501,239,650,468,690,767,420,248,251,553,100,702,644,110,134,143,435,566,425,561,760,293,647,453,611,233,546,350,247,209,590,346,767
];
w = [
0,16,1.6,1.727272727,3.2,9,2.5,1.125,1.153846154,0.733333333,4.666666667,6,1.25,0.090909091,13,0.454545455,1.090909091,1.571428571,0.727272727,0.583333333,0.538461538,3,1.75,1.875,3.666666667,0.75,0.166666667,1.133333333,0.2,1,0.733333333,4,14,0.923076923,0.5,0.454545455,0.714285714,0.666666667,5,1.125,3.333333333,6,0.666666667,2.222222222,1.357142857,1,16,14,0.4,0.125,1.714285714,0
];
