r = [
0,182,438,440,525,116,754,263,502,716,560,151,555,428,398,244,456,101,562,101,275,554,155,166,201,200,276,622,590,153,458,577,191,212,523,426,193,424,447,655,522,520,227,715,762,510,377,14,218,664,276,0
];
p = [
0,27,24,1,2,19,19,26,18,8,26,16,16,1,28,17,19,7,17,30,18,11,9,22,30,30,27,22,22,25,26,15,16,8,9,23,3,27,10,30,16,6,8,3,7,16,27,11,26,25,2,0
];
e = [
0,19,4,1,11,15,13,20,9,19,2,15,16,13,1,3,6,12,6,17,19,11,13,15,16,5,5,6,19,5,20,5,17,13,10,8,19,6,8,8,18,10,5,18,13,18,9,10,20,9,14,0
];
d = [
0,423,532,681,720,301,991,303,725,858,689,246,708,429,426,262,475,390,579,131,293,565,346,396,482,230,303,644,804,178,613,592,388,293,776,449,196,451,651,685,708,559,520,718,891,764,489,281,493,832,278,1001
];
d_bar = [
0,437,544,682,721,311,1001,316,734,862,702,254,716,430,440,271,485,394,588,146,302,571,351,407,497,245,317,655,815,191,626,600,396,297,781,461,198,465,656,700,716,562,524,720,895,772,503,287,506,845,279,1001
];
w = [
0,1.357142857,0.333333333,1,11,1.5,1.3,1.538461538,1,4.75,0.153846154,1.875,2,13,0.071428571,0.333333333,0.6,3,0.666666667,1.133333333,2.111111111,1.833333333,2.6,1.363636364,1.066666667,0.333333333,0.357142857,0.545454545,1.727272727,0.384615385,1.538461538,0.625,2.125,3.25,2,0.666666667,9.5,0.428571429,1.6,0.533333333,2.25,3.333333333,1.25,9,3.25,2.25,0.642857143,1.666666667,1.538461538,0.692307692,14,0
];
