r = [
0,55,36,63,1,37,23,5,25,36,53,72,62,68,9,24,30,44,43,67,42,7,29,6,12,40,25,6,14,4,36,48,46,69,11,22,16,25,18,36,40,50,57,58,69,71,30,15,1,18,11,0
];
p = [
0,10,19,18,23,8,26,27,18,5,1,5,13,19,8,18,3,19,26,13,28,3,23,26,21,10,24,9,9,24,6,17,6,6,14,13,8,10,4,21,22,17,15,16,25,7,24,14,20,12,22,0
];
e = [
0,20,9,8,9,18,20,13,11,3,1,14,8,16,4,19,4,15,13,8,9,8,16,3,15,9,9,8,11,12,15,6,3,16,15,17,8,5,11,14,9,1,8,17,9,3,20,3,9,18,11,0
];
d = [
0,748,652,525,430,1004,831,555,499,525,575,560,481,826,698,971,378,554,886,579,984,740,967,361,538,922,800,379,799,396,429,972,746,455,905,892,977,462,554,650,973,756,492,1025,861,814,751,700,887,798,641,1039
];
d_bar = [
0,757,669,541,451,1011,854,579,515,530,576,565,493,843,705,987,381,571,909,591,1009,743,988,384,557,931,822,387,807,418,434,987,751,460,918,904,984,471,558,669,993,771,506,1039,884,820,773,713,905,809,661,1039
];
w = [
0,2.222222222,0.529411765,0.5,0.428571429,2.571428571,0.869565217,0.541666667,0.6875,0.6,1,2.8,0.666666667,0.941176471,0.571428571,1.1875,1.333333333,0.882352941,0.565217391,0.666666667,0.36,2.666666667,0.761904762,0.130434783,0.789473684,1,0.409090909,1,1.375,0.545454545,3,0.4,0.6,3.2,1.153846154,1.416666667,1.142857143,0.555555556,2.75,0.736842105,0.45,0.066666667,0.571428571,1.214285714,0.391304348,0.5,0.909090909,0.230769231,0.5,1.636363636,0.55,0
];
