r = [
0,63,405,78,191,504,92,125,226,391,21,122,475,4,397,476,237,626,55,96,466,508,570,244,85,17,13,115,648,352,276,540,259,480,450,505,528,215,293,97,135,144,235,82,65,519,101,493,263,589,83,0
];
p = [
0,24,30,6,12,28,15,16,16,1,29,12,17,3,17,21,15,14,13,4,3,3,19,25,23,27,16,3,6,26,4,15,10,16,14,28,25,9,24,21,4,11,12,16,29,29,16,21,2,10,4,0
];
e = [
0,17,10,6,2,16,17,3,3,11,1,20,2,8,11,10,20,16,7,11,8,10,17,13,15,5,12,4,13,1,9,13,4,14,15,7,19,1,3,14,11,2,3,9,18,8,4,20,5,6,14,0
];
d = [
0,125,470,175,263,606,205,191,299,455,88,213,549,103,510,544,295,726,155,199,522,602,677,296,190,93,95,215,741,428,343,640,353,520,514,610,620,287,346,210,194,204,308,147,128,598,161,538,327,701,125,742
];
d_bar = [
0,127,473,176,264,609,207,193,301,456,91,214,551,104,512,546,297,727,156,200,523,603,679,299,192,96,97,216,742,431,344,642,354,522,515,613,623,288,348,212,195,205,309,149,131,601,163,540,328,702,126,742
];
w = [
0,8.5,3.333333333,6,2,5.333333333,8.5,1.5,1.5,11,0.333333333,20,1,8,5.5,5,10,16,7,11,8,10,8.5,4.333333333,7.5,1.666666667,6,4,13,0.333333333,9,6.5,4,7,15,2.333333333,6.333333333,1,1.5,7,11,2,3,4.5,6,2.666666667,2,10,5,6,14,0
];
