r = [
0,125,267,393,258,18,198,62,393,55,240,527,265,90,384,496,64,314,276,209,20,127,173,511,5,29,286,409,94,414,46,140,305,29,251,225,258,484,473,35,314,435,492,228,182,550,526,528,341,494,292,0
];
p = [
0,25,16,9,24,19,20,8,8,13,11,12,24,10,25,29,1,24,11,1,15,17,1,16,1,13,10,21,16,7,6,1,9,1,15,25,9,2,2,1,20,9,29,20,3,3,7,21,11,25,8,0
];
e = [
0,11,11,19,13,18,10,11,1,9,5,3,2,4,13,16,7,10,5,15,13,3,20,11,12,13,7,20,3,13,4,14,15,4,2,17,16,19,17,8,6,15,16,5,15,16,3,6,10,12,18,0
];
d = [
0,169,348,469,318,81,237,94,471,138,319,561,300,157,467,580,124,383,331,265,96,190,225,583,78,108,328,451,130,497,125,179,356,97,299,311,307,535,560,96,407,481,583,269,271,643,613,595,388,579,367,644
];
d_bar = [
0,172,350,470,320,83,239,95,472,139,320,562,302,158,470,583,125,385,332,266,98,192,226,585,79,109,329,453,132,498,126,180,357,98,301,314,308,536,561,97,409,482,586,271,272,644,614,597,389,582,368,644
];
w = [
0,3.666666667,5.5,19,6.5,9,5,11,1,9,5,3,1,4,4.333333333,5.333333333,7,5,5,15,6.5,1.5,20,5.5,12,13,7,10,1.5,13,4,14,15,4,1,5.666666667,16,19,17,8,3,15,5.333333333,2.5,15,16,3,3,10,4,18,0
];
