r = [
0,279,274,84,28,251,76,326,300,347,286,180,157,207,8,155,197,33,270,27,157,168,276,253,309,7,6,219,116,45,124,328,245,20,78,279,323,18,38,188,55,308,4,148,247,294,32,125,184,341,255,0
];
p = [
0,14,20,11,12,3,22,27,17,5,8,11,7,22,23,3,25,29,16,27,17,19,18,14,2,15,3,19,13,11,16,2,5,23,4,22,11,2,2,2,19,28,7,23,10,17,25,27,17,18,6,0
];
e = [
0,5,5,4,7,3,16,17,14,10,9,18,7,9,17,5,5,1,2,4,18,1,16,14,13,5,13,3,14,11,17,11,18,5,8,7,17,4,6,11,4,12,5,14,3,2,8,4,9,4,4,0
];
d = [
0,667,656,479,362,608,418,651,670,713,627,561,494,548,339,514,565,387,625,411,517,541,662,594,680,373,352,555,445,374,513,704,633,373,437,632,687,345,431,556,449,662,375,529,630,619,410,474,577,695,600,714
];
d_bar = [
0,668,658,480,363,609,420,654,672,714,628,562,495,550,341,515,568,390,627,414,519,543,664,595,681,375,353,557,446,375,515,705,634,375,438,634,688,346,432,557,451,665,376,531,631,621,413,477,579,697,601,714
];
w = [
0,5,2.5,4,7,3,8,5.666666667,7,10,9,18,7,4.5,8.5,5,1.666666667,0.333333333,1,1.333333333,9,0.5,8,14,13,2.5,13,1.5,14,11,8.5,11,18,2.5,8,3.5,17,4,6,11,2,4,5,7,3,1,2.666666667,1.333333333,4.5,2,4,0
];
