r = [
0,410,231,535,127,514,306,157,255,355,400,290,140,210,395,144,302,226,391,578,503,180,170,312,278,367,310,295,226,567,113,21,438,179,179,69,323,461,272,59,233,222,31,560,522,385,337,440,2,227,554,0
];
p = [
0,10,29,3,1,17,4,22,2,1,4,24,30,20,12,18,20,15,8,7,2,13,21,12,5,12,3,27,1,10,24,10,6,13,27,17,1,2,12,15,6,9,21,19,3,8,28,24,27,14,28,0
];
e = [
0,6,7,11,17,15,15,16,6,1,4,18,20,5,16,17,5,13,2,19,16,17,8,3,20,8,15,14,12,11,3,20,10,14,10,4,13,3,6,6,1,17,12,13,14,5,1,18,7,19,6,0
];
d = [
0,492,295,610,212,559,361,216,305,406,472,342,195,251,437,222,374,275,490,624,594,270,249,346,317,420,404,336,300,602,199,58,501,235,275,141,368,511,353,102,302,320,121,599,565,445,403,481,39,324,614,625
];
d_bar = [
0,493,298,611,213,561,362,218,306,407,473,344,198,253,438,224,376,277,491,625,595,271,251,347,318,421,405,339,301,603,201,59,502,236,278,143,369,512,354,104,303,321,123,601,566,446,406,483,42,325,617,625
];
w = [
0,6,2.333333333,11,17,7.5,15,8,6,1,4,9,6.666666667,2.5,16,8.5,2.5,6.5,2,19,16,17,4,3,20,8,15,4.666666667,12,11,1.5,20,10,14,3.333333333,2,13,3,6,3,1,17,6,6.5,14,5,0.333333333,9,2.333333333,19,2,0
];
