r = [
0,68,38,40,27,36,49,55,80,43,13,34,26,39,6,18,4,69,3,31,36,78,36,85,58,34,86,15,61,82,24,51,36,65,88,32,48,14,62,47,27,50,33,19,23,71,48,4,81,36,37,0
];
p = [
0,7,8,7,4,13,30,20,26,18,3,27,7,29,1,8,22,11,22,1,27,22,23,21,28,20,29,30,19,22,11,23,17,20,10,25,26,22,25,28,25,16,10,6,11,16,21,16,7,29,14,0
];
e = [
0,20,9,17,13,3,19,15,2,1,11,7,15,12,15,13,19,8,17,18,15,8,17,18,6,16,19,14,20,2,11,16,20,14,2,6,4,11,15,16,16,5,20,1,19,1,11,2,14,15,19,0
];
d = [
0,884,836,850,821,809,851,807,896,795,795,786,813,804,805,785,824,842,784,822,871,915,808,866,847,819,889,781,866,902,787,810,793,877,861,838,856,843,886,849,787,809,806,829,806,823,831,817,886,841,812,917
];
d_bar = [
0,885,837,851,822,810,854,809,899,797,796,789,814,807,806,786,826,843,786,823,874,917,810,868,850,821,892,784,868,904,788,812,795,879,862,841,859,845,889,852,790,811,807,830,807,825,833,819,887,844,813,917
];
w = [
0,20,9,17,13,3,6.333333333,7.5,0.666666667,0.5,11,2.333333333,15,4,15,13,9.5,8,8.5,18,5,4,8.5,9,2,8,6.333333333,4.666666667,10,1,11,8,10,7,2,2,1.333333333,5.5,5,5.333333333,5.333333333,2.5,20,1,19,0.5,5.5,1,14,5,19,0
];
