r = [
0,625,351,569,512,568,388,608,460,633,581,91,416,591,205,261,110,158,163,459,11,360,111,464,234,35,391,72,587,346,233,321,49,42,525,95,326,359,300,129,599,169,232,166,483,387,144,551,515,282,288,0
];
p = [
0,13,10,14,25,9,20,10,6,14,5,24,7,20,10,24,11,20,12,25,17,2,23,7,23,11,2,30,23,23,5,12,12,30,12,3,15,21,17,9,3,21,11,12,28,2,6,13,25,15,1,0
];
e = [
0,17,6,3,15,7,18,5,1,1,20,17,14,1,3,15,8,14,5,8,17,3,4,14,18,3,17,5,2,3,5,9,15,12,8,18,8,3,10,13,5,1,20,15,1,19,3,15,12,4,8,0
];
d = [
0,686,361,712,537,577,408,792,649,647,708,115,667,611,446,394,121,178,203,652,111,362,290,471,257,74,611,102,613,664,385,648,348,72,537,98,365,476,317,138,963,190,439,405,869,494,150,564,540,575,289,966
];
d_bar = [
0,698,370,725,560,585,426,801,654,660,713,137,673,629,455,416,131,196,214,675,126,364,311,477,278,84,613,129,634,685,390,659,359,99,548,101,379,495,332,146,966,209,449,416,894,496,155,576,563,589,290,966
];
w = [
0,1.416666667,0.666666667,0.230769231,0.652173913,0.875,1,0.555555556,0.2,0.076923077,4,0.772727273,2.333333333,0.055555556,0.333333333,0.681818182,0.8,0.777777778,0.454545455,0.347826087,1.133333333,1.5,0.19047619,2.333333333,0.857142857,0.3,8.5,0.185185185,0.095238095,0.142857143,1,0.818181818,1.363636364,0.444444444,0.727272727,6,0.571428571,0.157894737,0.666666667,1.625,1.666666667,0.052631579,2,1.363636364,0.04,9.5,0.6,1.25,0.52173913,0.285714286,8,0
];
