r = [
0,268,170,129,177,286,2,357,228,242,243,260,169,369,49,171,254,162,169,107,370,139,257,106,219,17,189,151,301,329,358,23,175,64,195,65,266,193,336,183,307,209,21,12,274,230,60,195,206,181,18,0
];
p = [
0,18,30,3,5,2,15,1,2,8,24,13,14,18,29,1,8,20,17,23,30,17,25,23,15,25,16,3,3,14,11,12,20,30,1,17,10,27,14,22,29,3,15,11,6,8,29,12,4,10,29,0
];
e = [
0,2,13,13,15,7,1,5,18,19,8,20,8,16,13,8,16,18,16,19,15,16,10,17,2,12,1,4,19,1,9,11,11,3,1,16,12,14,10,1,10,10,11,8,18,8,17,14,20,17,6,0
];
d = [
0,602,820,642,868,422,640,756,851,582,314,599,547,445,325,301,410,259,403,389,573,323,803,529,467,563,612,460,554,701,756,523,555,232,394,394,926,820,819,344,398,641,133,77,611,410,396,606,479,328,248,935
];
d_bar = [
0,618,847,645,873,424,654,757,853,589,336,611,560,461,351,302,417,277,418,410,600,338,826,550,481,586,626,463,557,714,766,534,573,259,395,409,935,844,832,364,424,644,147,87,616,417,422,617,483,337,274,935
];
w = [
0,0.125,0.481481481,4.333333333,3,3.5,0.071428571,5,9,2.714285714,0.363636364,1.666666667,0.615384615,1,0.5,8,2.285714286,1,1.066666667,0.904761905,0.555555556,1.066666667,0.434782609,0.80952381,0.142857143,0.52173913,0.071428571,1.333333333,6.333333333,0.076923077,0.9,1,0.611111111,0.111111111,1,1.066666667,1.333333333,0.583333333,0.769230769,0.05,0.384615385,3.333333333,0.785714286,0.8,3.6,1.142857143,0.653846154,1.272727273,5,1.888888889,0.230769231,0
];
