r = [
0,37,52,47,15,28,18,37,69,14,3,37,54,9,5,6,60,67,25,24,40,58,17,23,31,52,48,7,56,62,61,13,37,60,2,59,29,63,29,26,27,13,44,51,12,54,21,51,37,56,9,0
];
p = [
0,2,17,25,9,1,19,14,18,7,1,20,24,5,1,10,14,13,19,1,24,26,16,28,22,4,14,22,9,23,1,16,11,16,13,16,9,18,12,15,12,24,27,6,7,7,21,27,8,6,10,0
];
e = [
0,20,15,9,3,14,1,14,6,13,5,1,17,12,3,2,9,7,5,13,16,9,12,1,19,8,5,2,10,5,18,18,3,20,19,6,7,9,15,6,20,4,10,20,18,7,15,18,18,14,17,0
];
d = [
0,557,828,720,562,885,487,508,946,340,764,834,407,677,586,334,932,875,722,481,911,481,742,511,449,957,374,660,771,902,429,400,591,433,496,959,795,927,457,770,569,636,785,499,701,916,407,856,735,604,375,973
];
d_bar = [
0,559,843,743,570,886,504,521,962,346,765,852,429,682,587,343,945,887,739,482,933,504,756,536,469,961,387,680,779,923,430,414,601,447,508,973,803,943,468,784,580,658,809,504,707,922,426,880,742,609,384,973
];
w = [
0,10,1,0.391304348,0.375,14,0.058823529,1.076923077,0.375,2.166666667,5,0.055555556,0.772727273,2.4,3,0.222222222,0.692307692,0.583333333,0.294117647,13,0.727272727,0.391304348,0.857142857,0.04,0.95,2,0.384615385,0.1,1.25,0.238095238,18,1.285714286,0.3,1.428571429,1.583333333,0.428571429,0.875,0.5625,1.363636364,0.428571429,1.818181818,0.181818182,0.416666667,4,3,1.166666667,0.789473684,0.75,2.571428571,2.8,1.888888889,0
];
