r = [
0,3,365,345,314,547,187,409,635,222,70,644,691,671,401,649,515,614,443,418,666,157,675,205,290,69,286,640,620,318,394,170,615,285,353,121,476,245,370,320,652,691,49,464,391,488,614,77,276,478,129,0
];
p = [
0,18,30,25,13,7,21,20,9,30,21,27,29,24,28,6,9,12,17,25,23,5,5,13,5,3,26,1,10,21,2,24,1,16,28,20,23,7,21,30,26,10,3,7,19,7,15,13,24,8,12,0
];
e = [
0,18,12,14,12,2,10,9,8,9,18,5,2,6,2,13,19,18,9,6,13,11,9,2,10,13,15,1,18,17,12,17,1,18,19,11,9,3,4,6,11,16,13,3,15,17,16,1,5,9,8,0
];
d = [
0,63,438,447,392,643,231,449,681,282,161,733,732,713,490,734,620,662,525,522,741,254,793,247,366,140,369,697,721,426,498,287,719,333,411,222,532,293,461,379,695,808,130,504,477,547,708,194,372,521,242,809
];
d_bar = [
0,65,441,450,393,644,233,451,682,285,163,736,735,715,493,735,621,663,527,525,743,255,794,248,367,141,372,698,722,428,499,289,720,335,414,224,534,294,463,382,698,809,131,505,479,548,710,195,374,522,243,809
];
w = [
0,9,4,4.666666667,12,2,5,4.5,8,3,9,1.666666667,0.666666667,3,0.666666667,13,19,18,4.5,2,6.5,11,9,2,10,13,5,1,18,8.5,12,8.5,1,9,6.333333333,5.5,4.5,3,2,2,3.666666667,16,13,3,7.5,17,8,1,2.5,9,8,0
];
