r = [
0,56,10,49,83,43,51,9,78,64,42,57,41,2,82,79,52,23,31,66,59,24,42,76,78,61,15,52,13,10,62,58,49,66,16,9,52,12,3,49,15,81,80,11,49,46,67,65,5,48,11,0
];
p = [
0,27,22,3,22,29,17,11,13,8,20,3,14,6,12,9,23,27,16,12,26,10,17,24,11,29,30,6,28,26,17,16,26,19,12,3,2,12,5,9,1,29,16,26,10,27,17,27,16,23,19,0
];
e = [
0,9,1,5,11,20,13,20,14,9,11,7,15,16,3,8,13,14,11,4,3,18,4,13,17,13,7,5,5,20,10,4,13,6,11,5,1,7,3,8,12,7,7,17,5,5,8,2,9,20,7,0
];
d = [
0,799,739,824,844,759,769,740,792,846,786,804,805,737,825,815,796,755,767,790,842,769,806,808,818,845,764,794,782,722,817,786,766,832,795,743,820,721,775,780,732,798,863,757,814,783,787,846,751,834,753,865
];
d_bar = [
0,802,741,825,846,762,771,741,793,847,788,805,806,738,826,816,798,758,769,791,845,770,808,810,819,848,767,795,785,725,819,788,769,834,796,744,821,722,776,781,733,801,865,760,815,786,789,849,753,836,755,865
];
w = [
0,3,0.5,5,5.5,6.666666667,6.5,20,14,9,5.5,7,15,16,3,8,6.5,4.666666667,5.5,4,1,18,2,6.5,17,4.333333333,2.333333333,5,1.666666667,6.666666667,5,2,4.333333333,3,11,5,1,7,3,8,12,2.333333333,3.5,5.666666667,5,1.666666667,4,0.666666667,4.5,10,3.5,0
];
