r = [
0,58,20,28,74,36,5,13,3,10,39,25,51,19,12,58,28,75,68,6,21,64,51,77,36,2,78,68,4,28,56,39,19,10,68,73,51,47,10,38,71,11,63,70,25,41,72,15,76,66,27,0
];
p = [
0,5,14,27,9,9,27,2,29,18,27,5,4,4,27,13,19,7,28,16,26,17,20,3,14,15,16,11,17,24,10,1,22,6,5,19,11,28,18,16,4,27,15,13,28,29,27,23,30,12,17,0
];
e = [
0,13,11,20,2,17,17,7,3,16,20,9,1,3,12,5,18,17,20,4,14,5,16,20,16,7,3,18,12,19,20,1,4,1,6,16,4,18,14,15,18,4,4,20,4,12,1,6,16,19,3,0
];
d = [
0,807,757,791,800,744,742,747,736,757,779,752,743,754,734,750,750,804,802,771,716,782,771,794,794,747,848,829,728,744,813,775,725,749,810,834,776,768,782,808,815,708,801,834,768,767,807,783,814,778,781,850
];
d_bar = [
0,808,758,794,801,745,745,748,739,759,782,753,744,755,737,751,752,805,805,773,719,784,773,795,795,749,850,830,730,746,814,776,727,750,811,836,777,771,784,810,816,711,803,835,771,770,810,785,817,779,783,850
];
w = [
0,13,11,6.666666667,2,17,5.666666667,7,1,8,6.666666667,9,1,3,4,5,9,17,6.666666667,2,4.666666667,2.5,8,20,16,3.5,1.5,18,6,9.5,20,1,2,1,6,8,4,6,7,7.5,18,1.333333333,2,20,1.333333333,4,0.333333333,3,5.333333333,19,1.5,0
];
