r = [
0,68,16,64,16,68,71,70,57,33,41,35,6,27,35,83,17,14,15,61,48,25,80,73,40,63,27,14,67,64,56,37,11,80,69,76,82,39,42,32,2,70,27,83,80,53,78,5,83,55,77,0
];
p = [
0,29,29,24,25,25,8,25,18,5,22,19,29,4,5,24,23,6,23,5,20,13,4,14,17,14,29,17,8,16,27,19,5,16,21,5,26,30,4,1,29,4,18,13,10,1,28,14,19,22,13,0
];
e = [
0,20,15,20,9,7,10,14,13,4,13,16,14,20,2,9,14,7,19,7,4,11,12,1,8,14,1,5,4,4,6,11,6,15,7,5,1,15,11,15,6,13,12,3,13,1,15,10,4,9,9,0
];
d = [
0,803,757,844,749,846,781,829,780,750,750,738,756,746,766,833,745,764,788,803,811,794,816,795,804,809,780,793,768,840,835,762,757,847,794,848,827,806,807,739,730,790,800,842,836,834,848,768,817,772,828,851
];
d_bar = [
0,806,760,846,752,849,782,832,782,751,752,740,759,747,767,835,747,765,790,804,813,795,817,796,806,810,783,795,769,842,838,764,758,849,796,849,830,809,808,740,733,791,802,843,837,835,851,769,819,774,829,851
];
w = [
0,6.666666667,5,10,3,2.333333333,10,4.666666667,6.5,4,6.5,8,4.666666667,20,2,4.5,7,7,9.5,7,2,11,12,1,4,14,0.333333333,2.5,4,2,2,5.5,6,7.5,3.5,5,0.333333333,5,11,15,2,13,6,3,13,1,5,10,2,4.5,9,0
];
