r = [
0,32,49,8,17,2,8,4,40,55,8,18,21,37,13,54,38,51,58,57,14,15,11,7,60,63,24,13,61,12,63,13,3,64,23,36,61,29,58,17,41,17,14,4,61,14,10,38,6,59,54,0
];
p = [
0,13,14,10,10,28,9,28,13,1,7,4,9,29,7,27,3,13,10,23,11,3,14,11,13,26,19,26,24,1,7,2,5,11,4,7,4,18,17,19,26,9,11,29,15,27,3,1,19,7,5,0
];
e = [
0,20,18,3,17,7,7,18,15,9,8,6,9,20,7,16,12,15,17,7,19,19,16,4,16,7,17,2,20,19,3,18,9,7,1,9,14,10,11,18,4,17,20,18,6,3,1,19,19,12,9,0
];
d = [
0,722,543,710,465,620,659,568,516,570,725,544,757,754,620,573,462,518,568,758,708,621,546,560,760,673,589,658,519,474,689,596,635,761,665,481,517,659,651,452,615,499,479,584,579,585,714,650,536,491,592,770
];
d_bar = [
0,729,550,715,470,634,664,582,523,571,729,546,762,769,624,587,464,525,573,770,714,623,553,566,767,686,599,671,531,475,693,597,638,767,667,485,519,668,660,462,628,504,485,599,587,599,716,651,546,495,595,770
];
w = [
0,2.857142857,2.571428571,0.6,3.4,0.5,1.4,1.285714286,2.142857143,9,2,3,1.8,1.333333333,1.75,1.142857143,6,2.142857143,3.4,0.583333333,3.166666667,9.5,2.285714286,0.666666667,2.285714286,0.538461538,1.7,0.153846154,1.666666667,19,0.75,18,3,1.166666667,0.5,2.25,7,1.111111111,1.222222222,1.8,0.307692308,3.4,3.333333333,1.2,0.75,0.214285714,0.5,19,1.9,3,3,0
];
