r = [
0,97,324,316,197,151,54,280,356,236,359,59,278,55,5,80,99,97,220,100,191,301,159,191,72,215,11,103,331,261,342,291,190,170,321,35,311,215,44,97,335,333,246,152,55,47,185,278,91,93,334,0
];
p = [
0,15,9,12,9,6,3,4,23,17,23,29,9,10,28,14,28,11,17,10,12,1,1,22,10,20,27,16,25,28,8,9,8,13,29,16,27,16,30,24,23,2,15,16,24,21,27,13,23,5,4,0
];
e = [
0,11,7,3,9,8,1,1,14,17,13,1,4,18,15,2,7,19,12,10,7,12,12,16,13,16,19,6,20,16,9,15,2,13,20,16,9,20,16,13,20,20,12,18,7,17,18,4,5,17,1,0
];
d = [
0,530,706,689,618,537,422,664,721,594,764,477,676,420,382,455,529,526,583,491,568,686,544,572,498,582,380,524,736,669,756,697,567,587,713,447,699,577,470,511,714,701,672,586,432,433,599,634,521,504,722,766
];
d_bar = [
0,532,707,690,619,538,423,665,723,596,766,480,677,421,385,456,532,527,585,492,569,687,545,574,499,584,383,526,739,672,757,698,568,588,716,449,702,579,473,513,716,702,674,588,434,435,602,635,523,505,723,766
];
w = [
0,5.5,7,3,9,8,1,1,7,8.5,6.5,0.333333333,4,18,5,2,2.333333333,19,6,10,7,12,12,8,13,8,6.333333333,3,6.666666667,5.333333333,9,15,2,13,6.666666667,8,3,10,5.333333333,6.5,10,20,6,9,3.5,8.5,6,4,2.5,17,1,0
];
