r = [
0,447,467,618,451,344,318,491,655,145,15,58,502,620,463,124,55,81,86,308,161,329,154,417,411,476,212,143,520,473,437,234,377,405,603,396,584,636,114,433,319,276,401,506,176,652,8,463,253,565,365,0
];
p = [
0,7,5,20,9,30,24,1,8,16,13,20,19,26,21,10,23,4,2,10,21,3,30,14,21,18,6,2,14,28,28,11,2,9,26,13,4,8,8,18,8,6,27,3,25,12,27,7,25,29,21,0
];
e = [
0,17,4,18,2,7,12,17,4,20,16,20,12,7,12,17,11,2,7,18,10,7,20,14,20,19,18,12,2,2,8,5,12,9,20,17,12,7,4,12,9,1,14,4,17,19,2,9,11,11,14,0
];
d = [
0,457,472,688,603,374,342,694,663,161,194,109,537,685,538,141,78,327,122,477,392,370,341,650,491,494,471,145,534,501,519,245,440,414,727,490,589,644,255,451,508,290,659,723,201,676,266,470,446,594,521,740
];
d_bar = [
0,461,475,698,608,389,354,695,667,169,201,119,547,698,549,146,90,329,123,482,403,372,356,657,502,503,474,146,541,515,533,251,441,419,740,497,591,648,259,460,512,293,673,725,214,682,280,474,459,609,532,740
];
w = [
0,4.25,1.333333333,1.8,0.4,0.466666667,1,17,1,2.5,2.285714286,2,1.2,0.538461538,1.090909091,3.4,0.916666667,1,7,3.6,0.909090909,3.5,1.333333333,2,1.818181818,2.111111111,6,12,0.285714286,0.142857143,0.571428571,0.833333333,12,1.8,1.538461538,2.428571429,6,1.75,1,1.333333333,2.25,0.333333333,1,2,1.307692308,3.166666667,0.142857143,2.25,0.846153846,0.733333333,1.272727273,0
];
