r = [
0,24,34,3,1,10,68,2,73,59,33,66,56,22,65,22,19,3,11,36,74,30,66,5,7,6,58,65,71,59,44,33,73,27,44,19,40,30,59,64,13,21,73,4,40,2,46,57,54,22,9,0
];
p = [
0,27,10,6,29,25,15,1,25,5,12,23,3,6,20,25,16,5,6,13,7,16,11,27,30,17,3,6,20,5,1,11,6,29,22,26,10,4,22,1,8,12,27,21,10,15,25,23,10,23,18,0
];
e = [
0,16,20,3,19,17,6,12,12,20,19,17,6,20,10,19,11,1,15,4,5,10,7,20,12,4,5,18,17,8,19,17,2,20,13,8,17,7,4,5,15,19,3,10,9,18,5,3,15,11,11,0
];
d = [
0,622,522,671,800,854,664,599,803,806,841,735,546,772,900,842,692,562,741,592,626,717,846,618,834,712,887,617,723,711,544,720,818,705,817,782,730,627,876,849,772,520,873,517,589,522,628,554,612,643,491,910
];
d_bar = [
0,636,527,674,815,867,672,600,816,809,847,747,548,775,910,855,700,565,744,599,630,725,852,632,849,721,889,620,733,714,545,726,821,720,828,795,735,629,887,850,776,526,887,528,594,530,641,566,617,655,500,910
];
w = [
0,1.142857143,4,1,1.266666667,1.307692308,0.75,12,0.923076923,6.666666667,3.166666667,1.416666667,3,6.666666667,1,1.461538462,1.375,0.333333333,5,0.571428571,1.25,1.25,1.166666667,1.428571429,0.8,0.444444444,2.5,6,1.7,2.666666667,19,2.833333333,0.666666667,1.333333333,1.181818182,0.615384615,3.4,3.5,0.363636364,5,3.75,3.166666667,0.214285714,0.909090909,1.8,2.25,0.384615385,0.25,3,0.916666667,1.222222222,0
];
