r = [
0,279,194,99,575,589,653,183,131,217,639,660,526,571,198,438,400,124,248,423,230,340,33,21,605,675,98,379,39,131,174,146,424,191,372,237,401,632,520,145,261,399,455,400,53,266,512,669,84,555,628,0
];
p = [
0,30,23,18,29,3,2,14,5,25,13,28,1,1,15,5,20,25,14,18,26,4,5,30,17,6,26,2,3,30,9,7,16,6,18,14,21,16,2,9,22,10,30,14,21,2,22,29,14,25,15,0
];
e = [
0,9,6,12,18,8,17,9,20,9,17,16,20,20,15,1,7,9,20,15,4,6,14,1,2,1,18,11,2,17,17,5,3,18,7,20,16,19,6,14,19,5,17,2,9,12,15,8,20,5,4,0
];
d = [
0,329,277,159,650,663,696,280,184,289,713,737,623,643,274,518,447,174,334,526,295,410,98,105,716,728,167,458,95,232,223,208,469,263,466,293,491,701,599,241,328,505,513,444,125,307,588,733,174,607,693,740
];
d_bar = [
0,332,279,161,653,664,697,281,185,292,714,740,624,644,276,519,449,177,335,528,298,411,99,108,718,729,170,459,96,235,224,209,471,264,468,294,493,703,600,242,330,506,516,445,127,308,590,736,175,610,695,740
];
w = [
0,3,3,6,6,8,17,9,20,3,17,5.333333333,20,20,7.5,1,3.5,3,20,7.5,1.333333333,6,14,0.333333333,1,1,6,11,2,5.666666667,17,5,1.5,18,3.5,20,8,9.5,6,14,9.5,5,5.666666667,2,4.5,12,7.5,2.666666667,20,1.666666667,2,0
];
