r = [
0,520,26,330,251,576,301,469,402,465,48,592,107,218,253,326,362,696,159,652,147,614,356,144,657,266,322,358,106,435,55,608,268,104,91,212,492,423,49,428,76,77,47,319,704,48,442,220,559,161,453,0
];
p = [
0,27,27,11,22,2,14,16,3,11,15,22,10,18,2,23,27,25,6,9,14,18,26,11,15,8,1,26,9,9,3,1,16,24,15,29,11,25,22,30,25,27,22,13,27,12,20,2,20,2,21,0
];
e = [
0,8,15,7,19,12,14,17,11,11,3,16,2,9,15,19,5,3,15,4,18,5,1,12,1,5,15,14,13,13,1,10,19,13,2,13,7,9,13,16,19,9,6,1,18,17,1,2,1,13,1,0
];
d = [
0,620,132,442,333,644,350,587,482,551,148,681,205,276,337,370,442,770,219,735,213,654,404,220,762,334,386,419,208,511,136,713,383,207,152,294,579,494,106,496,153,118,90,437,751,123,557,294,630,213,532,773
];
d_bar = [
0,623,135,443,335,645,351,589,483,552,150,683,206,278,338,372,445,773,220,736,214,656,407,221,764,335,387,422,209,512,137,714,385,209,154,297,580,497,108,499,156,121,92,438,754,124,559,295,632,214,534,773
];
w = [
0,2.666666667,5,7,9.5,12,14,8.5,11,11,1.5,8,2,4.5,15,9.5,1.666666667,1,15,4,18,2.5,0.333333333,12,0.5,5,15,4.666666667,13,13,1,10,9.5,6.5,1,4.333333333,7,3,6.5,5.333333333,6.333333333,3,3,1,6,17,0.5,2,0.5,13,0.5,0
];
