r = [
0,126,685,331,660,330,356,636,318,178,10,115,307,10,397,110,281,177,591,512,460,563,580,526,25,222,703,303,357,664,105,183,111,695,356,569,421,136,611,66,254,564,90,370,224,446,322,289,290,137,390,0
];
p = [
0,30,2,18,23,25,10,19,13,24,28,22,10,14,29,4,10,4,28,10,22,4,6,11,4,30,30,12,10,28,4,4,7,27,26,21,25,9,19,4,14,17,5,19,21,6,10,11,17,26,27,0
];
e = [
0,2,19,9,16,9,13,8,20,2,1,15,13,20,12,17,1,7,16,5,5,4,5,11,12,2,20,10,20,9,4,11,10,3,16,20,20,15,20,20,12,4,19,3,13,12,3,14,6,8,17,0
];
d = [
0,209,728,417,747,378,406,719,426,261,54,176,384,89,499,213,341,223,660,586,539,644,633,602,97,265,754,362,434,715,186,248,196,744,448,654,474,180,694,110,301,646,191,482,343,497,423,374,401,207,477,757
];
d_bar = [
0,212,729,419,749,381,407,721,427,263,57,178,385,90,502,214,342,224,663,587,541,645,634,603,98,268,757,363,435,718,187,249,197,747,451,656,477,181,696,111,302,648,192,484,345,498,424,375,403,210,480,757
];
w = [
0,0.666666667,19,4.5,8,3,13,4,20,1,0.333333333,7.5,13,20,4,17,1,7,5.333333333,5,2.5,4,5,11,12,0.666666667,6.666666667,10,20,3,4,11,10,1,5.333333333,10,6.666666667,15,10,20,12,2,19,1.5,6.5,12,3,14,3,2.666666667,5.666666667,0
];
