r = [
0,15,41,44,26,50,36,62,72,23,35,4,21,67,17,42,24,33,74,30,60,61,25,74,50,74,51,12,61,31,14,54,63,26,21,45,52,69,65,17,2,14,67,12,10,28,54,62,50,24,25,0
];
p = [
0,9,28,19,27,13,19,7,10,10,10,9,4,6,3,25,30,1,2,16,4,8,3,9,30,22,29,6,25,7,29,14,18,9,9,29,29,22,21,30,10,19,21,26,20,20,1,26,2,5,4,0
];
e = [
0,9,17,9,3,8,15,15,4,12,1,9,13,18,18,4,3,13,19,9,17,2,19,18,19,2,13,16,5,5,7,1,12,12,10,9,4,16,2,13,1,14,13,7,5,14,6,2,8,1,19,0
];
d = [
0,741,620,928,813,748,913,982,655,1040,780,565,672,739,381,591,397,787,538,527,790,1066,840,1014,904,801,521,825,612,534,731,690,996,494,394,1061,603,882,561,545,778,409,882,597,679,526,785,961,529,956,872,1087
];
d_bar = [
0,749,645,945,837,760,930,988,664,1049,789,573,676,744,384,614,424,788,540,541,794,1073,843,1022,931,821,547,830,635,540,757,703,1012,502,402,1087,629,902,580,572,787,426,901,620,697,544,786,984,531,961,876,1087
];
w = [
0,1.125,0.68,0.529411765,0.125,0.666666667,0.882352941,2.5,0.444444444,1.333333333,0.111111111,1.125,3.25,3.6,6,0.173913043,0.111111111,13,9.5,0.642857143,4.25,0.285714286,6.333333333,2.25,0.703703704,0.1,0.5,3.2,0.217391304,0.833333333,0.269230769,0.076923077,0.75,1.5,1.25,0.346153846,0.153846154,0.8,0.105263158,0.481481481,0.111111111,0.823529412,0.684210526,0.304347826,0.277777778,0.777777778,6,0.086956522,4,0.2,4.75,0
];
