r = [
0,88,84,297,319,231,144,199,89,224,142,382,26,400,161,62,6,156,251,199,186,316,201,298,129,194,147,231,402,226,208,360,181,363,207,316,374,160,260,186,24,349,115,82,324,64,146,72,115,232,173,0
];
p = [
0,21,14,24,3,30,19,23,27,4,12,28,9,13,2,2,21,20,25,21,29,28,4,1,18,27,15,2,13,7,26,28,5,28,24,11,26,20,26,1,6,29,29,8,13,5,27,5,27,16,7,0
];
e = [
0,17,3,18,17,8,4,3,7,19,13,5,16,2,16,15,14,1,7,19,4,18,12,11,2,1,11,17,17,5,15,17,8,11,16,12,1,19,5,13,4,1,11,8,2,10,16,5,8,12,1,0
];
d = [
0,317,505,707,603,765,499,709,443,810,581,760,618,807,610,439,418,516,563,516,523,865,640,742,562,493,419,600,968,742,791,625,685,763,635,679,726,450,745,763,409,835,467,409,579,500,595,308,711,691,684,975
];
d_bar = [
0,328,512,719,605,780,509,721,457,812,587,774,623,814,611,440,429,526,576,527,538,879,642,743,571,507,427,601,975,746,804,639,688,777,647,685,739,460,758,764,412,850,482,413,586,503,609,311,725,699,688,975
];
w = [
0,1.545454545,0.428571429,1.5,8.5,0.533333333,0.4,0.25,0.5,9.5,2.166666667,0.357142857,3.2,0.285714286,16,15,1.272727273,0.1,0.538461538,1.727272727,0.266666667,1.285714286,6,11,0.222222222,0.071428571,1.375,17,2.428571429,1.25,1.153846154,1.214285714,2.666666667,0.785714286,1.333333333,2,0.076923077,1.9,0.384615385,13,1.333333333,0.066666667,0.733333333,2,0.285714286,3.333333333,1.142857143,1.666666667,0.571428571,1.5,0.25,0
];
