r = [
0,16,62,9,73,37,76,5,20,34,7,48,43,32,16,75,47,47,75,66,71,20,56,42,2,43,69,54,76,73,12,42,31,34,63,16,5,42,47,79,68,33,48,42,41,18,73,74,18,61,43,0
];
p = [
0,6,1,18,28,18,22,30,18,2,27,8,9,6,14,28,28,25,14,9,14,26,20,21,19,20,28,27,11,1,3,4,17,28,15,2,10,2,28,15,4,12,15,3,20,10,11,29,6,27,30,0
];
e = [
0,20,9,1,1,7,5,7,14,5,7,17,16,10,11,11,7,13,6,10,1,18,20,13,8,13,11,12,5,19,4,13,6,13,5,7,19,9,12,15,8,19,1,9,16,5,19,5,5,17,2,0
];
d = [
0,889,837,678,702,851,608,667,646,809,572,908,720,886,882,933,579,817,904,610,686,683,619,861,551,928,798,659,693,650,544,651,794,791,876,609,561,940,694,596,955,913,884,576,707,862,878,683,839,662,893,957
];
d_bar = [
0,892,838,687,716,860,619,682,655,810,586,912,725,889,889,947,593,830,911,615,693,696,629,872,561,938,812,673,699,651,546,653,803,805,884,610,566,941,708,604,957,919,892,578,717,867,884,698,842,676,908,957
];
w = [
0,6.666666667,9,0.111111111,0.071428571,0.777777778,0.454545455,0.466666667,1.555555556,5,0.5,4.25,3.2,3.333333333,1.571428571,0.785714286,0.5,1,0.857142857,2,0.142857143,1.384615385,2,1.181818182,0.8,1.3,0.785714286,0.857142857,0.833333333,19,2,6.5,0.666666667,0.928571429,0.625,7,3.8,9,0.857142857,1.875,4,3.166666667,0.125,4.5,1.6,1,3.166666667,0.333333333,1.666666667,1.214285714,0.133333333,0
];
