r = [
0,1,14,49,37,60,57,32,29,41,8,37,41,13,58,29,17,2,38,58,52,42,26,30,21,27,39,46,63,3,17,41,41,53,55,30,24,61,43,41,16,18,10,25,44,55,20,15,10,61,27,0
];
p = [
0,7,13,28,9,8,26,1,7,4,29,9,8,3,5,4,22,3,29,8,14,21,13,10,14,28,10,6,14,18,9,24,10,20,3,4,4,8,5,6,6,29,13,9,2,10,7,15,23,24,29,0
];
e = [
0,9,9,17,14,16,17,19,15,12,11,7,18,7,7,14,6,11,1,9,5,2,5,11,10,11,2,2,14,10,4,10,12,19,19,9,7,6,13,19,13,7,5,15,16,10,10,8,19,3,17,0
];
d = [
0,635,478,465,661,582,771,638,606,576,657,694,724,735,641,580,720,716,538,575,542,682,704,515,657,689,593,702,510,437,511,494,493,494,632,617,621,762,506,604,474,545,632,594,540,698,506,665,445,692,738,784
];
d_bar = [
0,639,485,479,666,586,784,639,610,578,672,699,728,737,644,582,731,718,553,579,549,693,711,520,664,703,598,705,517,446,516,506,498,504,634,619,623,766,509,607,477,560,639,599,541,703,510,673,457,704,753,784
];
w = [
0,2.25,1.285714286,1.214285714,2.8,4,1.307692308,19,3.75,6,0.733333333,1.4,4.5,3.5,2.333333333,7,0.545454545,5.5,0.066666667,2.25,0.714285714,0.181818182,0.714285714,2.2,1.428571429,0.785714286,0.4,0.666666667,2,1.111111111,0.8,0.833333333,2.4,1.9,9.5,4.5,3.5,1.5,4.333333333,6.333333333,4.333333333,0.466666667,0.714285714,3,16,2,2.5,1,1.583333333,0.25,1.133333333,0
];
