r = [
0,174,139,205,85,188,250,235,244,82,318,264,298,343,123,159,266,248,151,112,181,72,206,27,277,357,216,175,219,146,10,149,181,278,252,108,64,217,72,155,267,23,141,246,290,352,22,323,314,317,333,0
];
p = [
0,12,5,17,4,5,2,13,19,22,5,13,9,4,9,8,5,14,23,6,28,6,5,10,24,23,20,29,20,17,12,2,26,12,5,25,1,13,20,6,6,12,13,29,22,26,28,30,26,25,6,0
];
e = [
0,11,2,19,4,10,19,14,8,9,5,3,1,5,15,12,13,10,18,16,4,12,19,3,16,10,14,9,15,10,20,16,19,6,1,12,20,17,3,8,6,7,1,17,18,10,18,19,17,13,5,0
];
d = [
0,531,505,590,476,527,588,625,630,408,702,591,694,699,449,504,632,611,510,450,569,459,545,410,637,706,610,543,588,505,371,521,562,619,579,467,433,542,451,515,641,368,487,622,640,694,355,670,671,648,659,708
];
d_bar = [
0,532,506,592,477,528,589,626,632,410,703,592,695,700,450,505,633,612,512,451,572,460,546,411,639,708,612,546,590,507,372,522,565,620,580,470,434,543,453,516,642,369,488,625,642,697,358,673,674,651,660,708
];
w = [
0,11,2,9.5,4,10,19,14,4,4.5,5,3,1,5,15,12,13,10,9,16,1.333333333,12,19,3,8,5,7,3,7.5,5,20,16,6.333333333,6,1,4,20,17,1.5,8,6,7,1,5.666666667,9,3.333333333,6,6.333333333,5.666666667,4.333333333,5,0
];
