r = [
0,30,108,325,201,399,150,257,209,126,70,375,133,162,124,309,400,46,139,132,136,147,29,98,88,282,239,103,210,239,203,24,327,77,26,16,301,316,47,402,107,364,203,159,31,212,396,268,188,34,274,0
];
p = [
0,3,21,17,24,17,6,26,5,22,27,3,20,1,24,25,9,21,5,5,26,29,21,12,27,22,17,20,29,9,11,4,3,25,26,19,29,7,6,28,20,6,8,3,16,29,17,13,22,11,7,0
];
e = [
0,5,5,16,15,5,7,9,7,17,7,16,11,17,5,15,12,7,3,3,19,8,3,8,20,16,17,19,17,1,12,16,3,12,10,13,17,8,14,3,5,18,2,9,8,3,6,10,4,8,15,0
];
d = [
0,585,373,789,507,764,536,488,674,359,687,868,249,315,368,947,966,447,745,175,874,375,109,740,331,703,974,732,862,472,729,627,828,685,603,607,467,908,95,767,394,913,781,840,255,711,933,379,452,142,710,989
];
d_bar = [
0,588,392,804,529,779,541,511,679,379,711,871,267,316,390,970,974,466,750,180,897,401,128,751,355,723,989,750,888,480,739,631,831,708,626,624,493,914,100,792,412,918,788,843,269,737,948,391,472,152,716,989
];
w = [
0,1.666666667,0.263157895,1.066666667,0.681818182,0.333333333,1.4,0.391304348,1.4,0.85,0.291666667,5.333333333,0.611111111,17,0.227272727,0.652173913,1.5,0.368421053,0.6,0.6,0.826086957,0.307692308,0.157894737,0.727272727,0.833333333,0.8,1.133333333,1.055555556,0.653846154,0.125,1.2,4,1,0.52173913,0.434782609,0.764705882,0.653846154,1.333333333,2.8,0.12,0.277777778,3.6,0.285714286,3,0.571428571,0.115384615,0.4,0.833333333,0.2,0.8,2.5,0
];
