r = [
0,54,48,19,59,10,12,7,57,37,47,5,25,59,58,38,17,47,53,21,21,39,23,60,42,26,29,19,46,14,56,42,18,31,47,60,4,31,31,10,62,37,41,34,48,45,45,61,44,3,49,0
];
p = [
0,6,14,11,25,26,4,23,7,8,7,14,6,27,12,9,26,1,1,19,18,15,28,10,16,21,2,18,1,7,19,22,11,22,2,16,9,16,7,12,1,8,4,11,22,3,14,16,10,21,1,0
];
e = [
0,10,3,18,10,12,19,11,3,12,7,20,5,16,12,1,8,10,8,20,2,19,5,17,4,1,5,1,3,19,12,16,12,11,20,5,4,11,10,9,20,8,2,8,16,13,13,3,7,2,8,0
];
d = [
0,637,624,578,603,598,594,567,614,592,641,581,561,643,615,573,573,592,588,601,590,603,576,645,584,579,603,564,634,570,626,608,612,624,603,605,587,621,618,580,637,615,588,603,600,632,616,609,588,570,606,646
];
d_bar = [
0,638,625,579,606,601,595,569,615,593,642,582,562,646,616,574,576,593,589,603,592,605,579,646,586,581,604,566,635,571,628,610,613,626,604,607,588,623,619,581,638,616,589,604,602,633,617,611,589,572,607,646
];
w = [
0,10,3,18,3.333333333,4,19,5.5,3,12,7,20,5,5.333333333,12,1,2.666666667,10,8,10,1,9.5,1.666666667,17,2,0.5,5,0.5,3,19,6,8,12,5.5,20,2.5,4,5.5,10,9,20,8,2,8,8,13,13,1.5,7,1,8,0
];
