r = [
0,151,395,243,231,246,495,163,460,31,456,379,274,260,155,216,342,218,334,389,192,325,351,333,71,78,394,529,355,337,175,197,150,132,157,484,341,235,406,196,423,306,252,102,281,533,504,24,201,264,226,0
];
p = [
0,20,8,25,8,11,26,14,6,7,3,28,15,10,11,7,5,21,4,8,14,21,7,30,18,22,13,8,1,2,8,21,2,2,17,2,15,8,15,2,29,8,11,8,7,5,21,18,10,5,24,0
];
e = [
0,8,6,11,9,15,3,5,13,11,8,17,8,12,10,17,7,11,4,11,1,10,8,7,9,1,12,6,3,5,13,6,10,15,3,19,8,2,4,4,5,10,3,16,16,17,9,1,17,19,10,0
];
d = [
0,226,452,307,306,281,537,203,499,93,538,455,357,349,197,251,429,285,390,462,241,381,436,391,139,123,480,565,411,414,225,237,183,169,191,543,387,308,454,266,492,379,326,160,316,567,574,83,260,342,288,576
];
d_bar = [
0,228,453,310,307,282,540,204,500,94,539,458,359,350,198,252,430,287,391,463,242,383,437,394,141,125,481,566,412,415,226,239,184,170,193,544,389,309,456,267,495,380,327,161,317,568,576,85,261,343,290,576
];
w = [
0,4,6,3.666666667,9,15,1,5,13,11,8,5.666666667,4,12,10,17,7,5.5,4,11,1,5,8,2.333333333,4.5,0.5,12,6,3,5,13,3,10,15,1.5,19,4,2,2,4,1.666666667,10,3,16,16,17,4.5,0.5,17,19,5,0
];
