r = [
0,59,23,2,74,63,5,49,17,11,22,71,23,37,46,8,4,63,19,35,39,37,11,30,12,17,14,37,5,27,69,71,76,36,12,74,75,38,38,2,48,22,50,36,37,74,79,77,69,17,69,0
];
p = [
0,13,12,18,28,17,24,13,17,10,12,18,13,30,16,13,26,11,10,17,3,14,21,2,6,7,7,14,4,7,12,17,29,24,23,26,11,18,15,22,19,20,21,13,6,23,20,20,23,3,18,0
];
e = [
0,2,16,7,6,13,6,1,4,14,1,4,13,9,7,8,18,7,1,20,17,14,15,19,1,9,2,16,14,13,8,4,19,19,8,10,1,18,5,9,20,15,18,13,14,10,12,8,5,5,8,0
];
d = [
0,997,656,988,430,732,441,773,865,629,736,448,707,410,677,906,610,923,841,781,631,830,617,907,533,594,391,1063,916,440,872,572,695,711,619,1075,1052,613,445,539,440,779,464,847,721,1084,459,1126,983,415,927,1144
];
d_bar = [
0,1009,667,1004,455,747,463,785,880,638,747,464,719,437,691,918,633,933,850,796,634,843,636,909,538,600,397,1076,920,446,883,587,721,733,640,1098,1062,629,459,559,457,797,483,859,726,1105,477,1144,1004,418,943,1144
];
w = [
0,0.166666667,1.454545455,0.4375,0.24,0.866666667,0.272727273,0.083333333,0.266666667,1.555555556,0.090909091,0.25,1.083333333,0.333333333,0.5,0.666666667,0.782608696,0.7,0.111111111,1.333333333,5.666666667,1.076923077,0.789473684,9.5,0.2,1.5,0.333333333,1.230769231,3.5,2.166666667,0.727272727,0.266666667,0.730769231,0.863636364,0.380952381,0.434782609,0.1,1.125,0.357142857,0.45,1.176470588,0.833333333,0.947368421,1.083333333,2.8,0.476190476,0.666666667,0.444444444,0.238095238,1.666666667,0.5,0
];
