r = [
0,48,33,49,53,58,2,82,49,26,25,43,49,20,21,7,56,3,50,2,4,77,15,67,52,5,71,66,81,38,39,8,32,35,81,66,7,7,59,14,61,79,79,49,32,43,45,72,25,61,29,0
];
p = [
0,29,12,9,21,23,18,5,19,30,24,23,23,30,11,8,16,1,19,5,11,27,19,17,24,7,23,28,18,5,23,18,5,30,21,30,5,11,25,3,1,29,18,8,1,20,25,2,3,27,19,0
];
e = [
0,11,14,6,14,14,17,17,12,18,15,3,6,3,8,6,19,16,15,1,5,15,1,15,13,3,14,13,2,3,18,10,2,7,15,3,12,7,14,2,20,18,12,9,13,11,16,19,4,11,3,0
];
d = [
0,686,500,1141,773,725,447,611,925,682,899,739,757,1106,624,985,593,933,434,821,1112,802,1016,903,806,897,1136,536,1073,935,1111,483,738,713,540,845,870,623,701,408,657,1151,567,541,1149,857,951,1042,561,856,977,1177
];
d_bar = [
0,712,511,1149,792,746,463,616,942,709,921,760,778,1133,634,992,607,934,451,826,1122,826,1033,918,828,903,1157,561,1089,940,1132,499,743,740,559,872,875,633,724,411,658,1177,583,548,1150,875,974,1044,564,880,994,1177
];
w = [
0,0.423076923,1.272727273,0.75,0.736842105,0.666666667,1.0625,3.4,0.705882353,0.666666667,0.681818182,0.142857143,0.285714286,0.111111111,0.8,0.857142857,1.357142857,16,0.882352941,0.2,0.5,0.625,0.058823529,1,0.590909091,0.5,0.666666667,0.52,0.125,0.6,0.857142857,0.625,0.4,0.259259259,0.789473684,0.111111111,2.4,0.7,0.608695652,0.666666667,20,0.692307692,0.75,1.285714286,13,0.611111111,0.695652174,9.5,1.333333333,0.458333333,0.176470588,0
];
