r = [
0,321,249,223,264,103,122,209,4,215,287,38,132,248,381,349,80,183,346,34,173,388,333,267,220,11,391,308,191,208,233,131,353,323,418,388,104,12,233,163,330,85,272,212,288,20,5,209,358,328,131,0
];
p = [
0,21,11,20,17,25,12,18,11,23,15,30,22,27,17,11,1,28,17,12,15,24,8,6,23,20,11,18,18,13,2,17,9,24,2,28,7,3,27,30,17,25,23,14,25,25,28,6,2,5,25,0
];
e = [
0,14,1,4,10,20,16,11,18,11,11,19,9,16,5,3,16,17,3,5,18,12,3,7,12,6,6,15,18,9,8,15,7,1,14,12,8,1,19,7,17,7,12,6,17,8,17,8,15,10,16,0
];
d = [
0,441,931,267,356,220,655,634,455,481,675,228,827,554,548,437,851,535,747,281,887,687,640,605,989,710,833,833,427,547,464,321,919,844,788,528,627,338,419,478,1029,549,988,703,1057,134,345,960,720,669,653,1080
];
d_bar = [
0,460,941,285,371,243,666,650,465,502,689,255,847,578,563,447,852,560,762,292,901,709,647,610,1010,728,843,849,443,559,466,336,927,866,790,553,633,341,443,505,1044,572,1009,716,1080,157,370,965,722,674,676,1080
];
w = [
0,0.736842105,0.1,0.222222222,0.666666667,0.869565217,1.454545455,0.6875,1.8,0.523809524,0.785714286,0.703703704,0.45,0.666666667,0.333333333,0.3,16,0.68,0.2,0.454545455,1.285714286,0.545454545,0.428571429,1.4,0.571428571,0.333333333,0.6,0.9375,1.125,0.75,4,1,0.875,0.045454545,7,0.48,1.333333333,0.333333333,0.791666667,0.259259259,1.133333333,0.304347826,0.571428571,0.461538462,0.739130435,0.347826087,0.68,1.6,7.5,2,0.695652174,0
];
