r = [
0,692,341,575,611,411,435,241,396,369,444,556,93,268,502,253,225,89,307,337,175,182,418,240,241,56,683,253,292,95,226,552,244,345,198,468,80,293,115,357,56,409,409,155,182,461,646,375,419,369,9,0
];
p = [
0,30,23,10,11,2,28,23,22,10,3,27,15,26,19,19,29,20,1,2,26,9,18,29,2,15,1,19,9,20,17,13,17,25,19,1,8,8,26,22,12,21,21,13,9,18,4,14,23,9,29,0
];
e = [
0,5,5,2,3,3,15,15,19,3,13,2,5,12,16,18,17,17,11,9,5,15,20,1,17,3,6,1,18,3,9,9,10,4,12,11,19,5,17,9,2,3,17,4,3,18,20,6,10,5,1,0
];
d = [
0,756,364,893,622,676,718,622,497,415,447,922,457,456,845,272,254,199,717,339,201,191,533,364,409,225,684,272,684,115,243,969,510,370,235,484,88,301,298,692,68,662,621,168,191,479,650,766,730,410,38,981
];
d_bar = [
0,783,385,902,632,678,743,643,517,424,450,946,471,479,862,289,280,217,718,341,224,199,549,390,411,239,685,289,692,133,258,981,525,393,252,485,95,308,321,712,79,681,640,180,199,495,654,779,751,418,64,981
];
w = [
0,0.185185185,0.238095238,0.222222222,0.3,1.5,0.6,0.714285714,0.95,0.333333333,4.333333333,0.083333333,0.357142857,0.52173913,0.941176471,1.058823529,0.653846154,0.944444444,11,4.5,0.217391304,1.875,1.25,0.038461538,8.5,0.214285714,6,0.058823529,2.25,0.166666667,0.6,0.75,0.666666667,0.173913043,0.705882353,11,2.714285714,0.714285714,0.739130435,0.45,0.181818182,0.157894737,0.894736842,0.333333333,0.375,1.125,5,0.461538462,0.476190476,0.625,0.038461538,0
];
