r = [
0,405,222,200,391,264,497,7,175,462,67,289,279,76,34,395,394,14,100,494,507,141,435,556,10,403,180,254,489,241,514,423,306,272,189,242,249,13,597,20,309,188,404,281,188,192,435,95,612,462,380,0
];
p = [
0,27,7,2,29,13,14,21,7,11,12,30,4,24,15,19,3,12,1,12,17,20,9,11,15,15,13,30,13,1,1,17,2,26,29,2,22,29,25,9,3,3,1,29,1,3,27,3,22,24,5,0
];
e = [
0,11,12,10,11,8,18,14,12,15,20,5,5,15,6,12,20,15,4,3,12,19,4,4,17,2,15,15,1,1,3,20,7,11,4,17,20,4,13,18,20,13,6,12,19,2,3,20,6,6,17,0
];
d = [
0,447,287,232,420,412,832,252,182,500,79,548,350,109,49,443,397,274,269,671,524,443,782,699,25,418,193,435,502,376,754,440,410,298,330,586,271,42,949,207,426,396,527,403,563,279,462,149,980,607,662,1000
];
d_bar = [
0,471,293,234,446,424,845,271,188,510,90,575,354,131,63,460,400,285,270,682,539,461,790,709,39,432,205,462,514,377,755,455,412,321,356,588,291,68,972,215,429,399,528,429,564,282,486,152,1000,629,667,1000
];
w = [
0,0.458333333,2,5,0.423076923,0.666666667,1.384615385,0.736842105,2,1.5,1.818181818,0.185185185,1.25,0.681818182,0.428571429,0.705882353,6.666666667,1.363636364,4,0.272727273,0.8,1.055555556,0.5,0.4,1.214285714,0.142857143,1.25,0.555555556,0.083333333,1,3,1.333333333,3.5,0.47826087,0.153846154,8.5,1,0.153846154,0.565217391,2.25,6.666666667,4.333333333,6,0.461538462,19,0.666666667,0.125,6.666666667,0.3,0.272727273,3.4,0
];
