r = [
0,7,32,47,57,71,44,1,81,47,82,76,59,22,38,26,8,51,37,47,31,77,11,73,13,29,9,79,3,45,21,8,57,47,72,3,84,69,25,25,10,24,55,34,40,57,26,10,54,66,80,0
];
p = [
0,29,12,6,12,16,14,11,12,19,29,26,27,9,29,13,16,25,29,30,12,20,7,16,4,22,22,4,19,13,20,29,20,22,22,4,4,18,30,22,24,2,14,22,26,8,13,1,16,26,5,0
];
e = [
0,4,17,8,1,11,18,11,9,15,19,8,17,4,9,15,15,15,7,12,6,15,1,3,12,8,8,15,10,15,15,4,8,2,1,19,15,11,11,14,5,15,3,16,8,18,9,15,1,13,11,0
];
d = [
0,708,821,633,795,752,717,901,1022,643,962,1020,1007,687,781,742,609,1013,710,770,639,687,730,949,840,728,844,694,969,906,590,890,756,650,664,651,707,1038,677,932,736,741,739,636,757,767,939,899,736,766,657,1047
];
d_bar = [
0,723,827,636,801,760,724,907,1028,653,977,1033,1021,692,796,749,617,1026,725,785,645,697,734,957,842,739,855,696,979,913,600,905,766,661,675,653,709,1047,692,943,748,742,746,647,770,771,946,900,744,779,660,1047
];
w = [
0,0.266666667,2.833333333,2.666666667,0.166666667,1.375,2.571428571,1.833333333,1.5,1.5,1.266666667,0.615384615,1.214285714,0.8,0.6,2.142857143,1.875,1.153846154,0.466666667,0.8,1,1.5,0.25,0.375,6,0.727272727,0.727272727,7.5,1,2.142857143,1.5,0.266666667,0.8,0.181818182,0.090909091,9.5,7.5,1.222222222,0.733333333,1.272727273,0.416666667,15,0.428571429,1.454545455,0.615384615,4.5,1.285714286,15,0.125,1,3.666666667,0
];
