r = [
0,186,416,58,32,147,129,361,35,385,323,328,403,290,239,34,276,34,340,245,294,266,306,230,25,332,112,140,182,185,355,179,30,69,138,9,121,408,152,268,248,154,134,259,227,272,150,300,105,185,202,0
];
p = [
0,20,1,12,20,29,19,19,7,28,21,19,12,20,6,24,9,22,4,16,15,29,11,25,22,9,12,29,4,25,25,14,18,28,7,17,4,25,20,25,23,17,6,23,6,30,12,5,16,10,12,0
];
e = [
0,2,13,3,20,2,20,19,15,8,13,7,1,18,3,14,15,3,11,8,18,19,4,9,10,12,9,18,8,7,13,16,18,17,17,11,4,15,15,11,5,6,9,20,4,14,10,16,17,7,20,0
];
d = [
0,350,1086,280,617,342,351,587,188,750,874,599,1047,740,867,660,958,697,579,833,915,770,662,701,773,582,516,707,708,817,892,700,129,240,629,239,580,593,571,897,403,311,460,973,753,490,489,638,199,885,327,1087
];
d_bar = [
0,368,1087,291,635,368,368,604,194,775,893,616,1058,758,872,682,966,717,583,847,929,796,672,724,793,590,527,733,712,840,915,713,145,265,635,254,584,616,589,920,424,326,465,994,758,517,500,643,213,894,338,1087
];
w = [
0,0.111111111,13,0.272727273,1.111111111,0.076923077,1.176470588,1.117647059,2.5,0.32,0.684210526,0.411764706,0.090909091,1,0.6,0.636363636,1.875,0.15,2.75,0.571428571,1.285714286,0.730769231,0.4,0.391304348,0.5,1.5,0.818181818,0.692307692,2,0.304347826,0.565217391,1.230769231,1.125,0.68,2.833333333,0.733333333,1,0.652173913,0.833333333,0.47826087,0.238095238,0.4,1.8,0.952380952,0.8,0.518518519,0.909090909,3.2,1.214285714,0.777777778,1.818181818,0
];
