r = [
0,187,519,75,482,83,109,383,220,420,74,4,385,325,237,275,447,47,322,61,237,255,229,280,105,569,564,294,487,2,20,535,151,10,605,416,213,26,347,139,95,79,597,572,188,51,215,488,487,208,501,0
];
p = [
0,14,8,12,17,7,3,7,3,10,12,16,23,6,28,15,26,22,4,8,22,11,18,18,18,9,9,7,10,2,19,24,6,5,22,18,12,9,27,25,17,16,13,18,7,5,14,26,2,9,16,0
];
e = [
0,5,6,17,20,15,2,3,15,18,16,7,14,4,5,7,3,6,16,7,17,1,19,4,12,17,12,4,8,5,2,10,19,9,16,8,12,15,18,12,6,12,4,8,4,8,3,15,19,4,13,0
];
d = [
0,268,527,87,499,90,112,390,371,685,86,52,408,420,451,586,536,401,326,69,355,266,441,411,123,578,775,359,833,234,329,559,416,365,627,434,225,272,529,304,214,365,690,590,247,56,356,514,489,566,711,842
];
d_bar = [
0,281,534,98,514,96,115,396,374,694,97,66,429,425,476,600,559,421,330,76,375,276,457,427,139,586,783,365,842,236,346,581,421,370,647,450,236,280,553,327,229,379,702,606,253,61,369,537,491,574,725,842
];
w = [
0,0.384615385,0.857142857,1.545454545,1.333333333,2.5,0.666666667,0.5,5,2,1.454545455,0.5,0.666666667,0.8,0.2,0.5,0.130434783,0.3,4,1,0.85,0.1,1.1875,0.25,0.75,2.125,1.5,0.666666667,0.888888889,2.5,0.117647059,0.454545455,3.8,1.8,0.8,0.5,1.090909091,1.875,0.75,0.52173913,0.4,0.857142857,0.333333333,0.5,0.666666667,1.6,0.230769231,0.652173913,9.5,0.5,0.928571429,0
];
