r = [
0,33,75,35,57,41,50,73,45,57,45,71,38,1,72,66,17,30,13,5,68,35,8,59,74,40,60,48,16,33,44,8,35,52,48,73,12,14,37,41,42,16,64,42,58,58,54,26,5,2,12,0
];
p = [
0,8,11,9,15,10,16,16,22,22,26,23,11,5,21,7,6,12,18,4,18,2,1,11,14,25,18,7,26,30,10,11,22,18,10,19,17,21,27,30,27,14,6,8,20,18,15,3,11,4,29,0
];
e = [
0,6,12,5,12,11,4,12,1,7,1,6,4,17,2,12,7,6,7,17,6,9,9,20,13,4,19,13,7,6,20,20,16,11,4,12,15,12,7,15,2,9,8,1,2,17,4,5,11,15,15,0
];
d = [
0,736,736,711,731,731,753,716,697,720,686,770,696,670,745,725,695,685,667,689,748,683,691,739,761,688,766,695,683,735,709,694,744,735,736,757,721,672,692,721,746,681,741,726,769,764,711,688,672,701,709,772
];
d_bar = [
0,737,737,712,733,732,755,718,699,722,689,772,697,671,747,726,696,686,669,690,750,684,692,740,762,691,768,696,686,738,710,695,746,737,737,759,723,674,695,724,749,682,742,727,771,766,713,689,673,702,712,772
];
w = [
0,6,12,5,6,11,2,6,0.5,3.5,0.333333333,3,4,17,1,12,7,6,3.5,17,3,9,9,20,13,1.333333333,9.5,13,2.333333333,2,20,20,8,5.5,4,6,7.5,6,2.333333333,5,0.666666667,9,8,1,1,8.5,2,5,11,15,5,0
];
