r = [
0,357,340,64,254,373,3,346,142,208,166,91,79,222,351,179,271,152,358,308,70,233,42,360,360,293,107,81,16,77,189,5,205,232,128,368,128,111,170,70,246,360,207,56,376,110,344,308,130,279,310,0
];
p = [
0,14,19,3,18,20,2,22,29,1,26,27,3,23,14,14,6,20,26,16,29,26,1,2,22,30,2,8,25,6,9,20,6,13,9,19,6,29,15,9,4,22,27,3,3,30,29,15,28,10,3,0
];
e = [
0,14,2,7,1,3,3,2,5,9,8,5,4,5,19,16,4,13,15,5,17,5,8,12,15,14,18,1,3,19,7,2,14,2,20,1,4,8,4,10,12,8,13,13,10,3,10,17,20,15,12,0
];
d = [
0,773,711,435,603,757,375,717,488,591,515,506,429,599,701,560,684,552,728,655,470,620,441,705,711,683,474,487,392,489,587,391,613,626,540,733,480,496,550,482,596,734,597,454,769,463,728,678,488,656,689,774
];
d_bar = [
0,774,713,436,605,759,376,719,491,592,518,509,430,601,702,561,685,554,731,657,473,623,442,706,713,686,475,488,395,490,588,393,614,627,541,735,481,499,552,483,597,736,600,455,770,466,731,680,491,657,690,774
];
w = [
0,14,1,7,0.5,1.5,3,1,1.666666667,9,2.666666667,1.666666667,4,2.5,19,16,4,6.5,5,2.5,5.666666667,1.666666667,8,12,7.5,4.666666667,18,1,1,19,7,1,14,2,20,0.5,4,2.666666667,2,10,12,4,4.333333333,13,10,1,3.333333333,8.5,6.666666667,15,12,0
];
