r = [
0,37,24,66,17,46,35,3,35,12,20,28,74,37,10,72,48,53,60,33,71,74,34,47,57,18,40,73,63,31,56,57,9,4,17,8,3,7,57,58,13,21,66,17,21,40,11,62,40,14,41,0
];
p = [
0,10,7,5,28,4,28,7,2,4,4,1,5,1,14,25,25,7,28,12,27,24,29,24,23,19,27,1,2,29,27,15,27,12,4,8,15,16,19,21,10,5,8,16,26,13,19,13,1,24,21,0
];
e = [
0,11,15,20,3,5,3,3,10,14,13,16,15,19,20,19,6,17,16,5,3,8,20,5,10,11,9,13,16,8,10,7,4,20,5,2,3,15,9,18,1,7,5,11,10,8,19,5,5,8,13,0
];
d = [
0,650,895,988,477,520,616,538,769,856,583,788,1037,963,576,995,905,545,632,568,909,551,782,764,717,549,897,757,867,486,893,1007,694,789,476,745,433,703,452,1044,990,937,939,529,1004,883,487,534,405,963,892,1063
];
d_bar = [
0,659,901,993,502,524,641,544,771,860,587,789,1042,964,589,1018,928,551,657,579,933,573,808,786,738,566,921,758,869,512,917,1021,718,800,480,752,447,717,469,1063,999,942,946,543,1027,895,504,546,406,985,911,1063
];
w = [
0,1.222222222,2.5,4,0.12,1.25,0.12,0.5,5,3.5,3.25,16,3,19,1.538461538,0.826086957,0.260869565,2.833333333,0.64,0.454545455,0.125,0.363636364,0.769230769,0.227272727,0.476190476,0.647058824,0.375,13,8,0.307692308,0.416666667,0.5,0.166666667,1.818181818,1.25,0.285714286,0.214285714,1.071428571,0.529411765,0.947368421,0.111111111,1.4,0.714285714,0.785714286,0.434782609,0.666666667,1.117647059,0.416666667,5,0.363636364,0.684210526,0
];
