r = [
0,23,310,197,51,86,28,109,21,134,342,275,54,259,253,212,221,88,370,215,309,172,96,270,81,40,64,233,27,214,297,184,9,152,261,255,29,234,339,152,259,26,109,209,99,169,6,142,344,320,160,0
];
p = [
0,3,6,21,9,21,12,9,29,24,29,9,28,4,22,11,16,6,2,21,21,13,15,15,2,1,28,9,8,19,15,23,8,30,3,30,14,14,2,26,25,5,12,11,7,7,29,5,27,30,14,0
];
e = [
0,2,9,14,7,13,7,6,8,1,5,11,15,12,4,20,14,17,5,6,8,11,20,10,16,10,17,18,7,9,19,3,5,14,1,1,17,19,15,9,12,1,7,7,12,18,16,14,10,1,1,0
];
d = [
0,555,627,648,251,519,476,467,396,344,735,757,569,650,698,464,542,606,752,683,846,558,314,499,304,230,526,596,403,703,641,633,218,344,525,580,391,755,683,354,790,371,613,502,655,671,368,601,644,543,499,857
];
d_bar = [
0,557,630,659,256,530,482,472,411,356,750,762,583,652,709,470,550,609,753,694,857,565,322,507,305,231,540,601,407,713,649,645,222,359,527,595,398,762,684,367,803,374,619,508,659,675,383,604,658,558,506,857
];
w = [
0,1,3,1.272727273,1.4,1.181818182,1.166666667,1.2,0.533333333,0.083333333,0.333333333,2.2,1.071428571,6,0.363636364,3.333333333,1.75,5.666666667,5,0.545454545,0.727272727,1.571428571,2.5,1.25,16,10,1.214285714,3.6,1.75,0.9,2.375,0.25,1.25,0.933333333,0.5,0.066666667,2.428571429,2.714285714,15,0.692307692,0.923076923,0.333333333,1.166666667,1.166666667,3,4.5,1.066666667,4.666666667,0.714285714,0.066666667,0.142857143,0
];
