r = [
0,580,103,419,693,408,383,540,102,515,698,580,694,183,255,598,407,592,360,672,332,160,452,378,584,651,240,276,651,163,677,72,341,243,160,427,225,272,619,252,326,600,216,2,245,692,731,554,473,327,471,0
];
p = [
0,28,3,12,2,3,5,6,3,19,22,16,11,18,21,17,28,27,19,17,25,16,13,20,14,17,30,16,8,19,18,24,30,13,21,25,21,16,15,23,29,8,6,5,28,23,2,21,9,14,25,0
];
e = [
0,9,16,6,7,7,5,5,8,19,20,4,9,13,5,11,2,9,20,19,14,18,6,17,11,2,4,12,7,6,9,5,3,6,19,4,14,4,5,1,5,14,4,14,10,19,9,20,3,6,19,0
];
d = [
0,834,122,684,890,411,503,761,333,677,973,596,709,212,493,743,435,619,415,689,596,422,644,524,612,847,394,292,815,345,721,142,371,331,181,530,307,288,800,360,355,725,402,88,362,715,906,706,721,341,650,984
];
d_bar = [
0,848,124,690,891,413,506,764,335,687,984,604,715,221,504,752,449,633,425,698,609,430,651,534,619,856,409,300,819,355,730,154,386,338,192,543,318,296,808,372,370,729,405,91,376,727,907,717,726,348,663,984
];
w = [
0,0.642857143,8,1,7,3.5,1.666666667,1.666666667,4,1.9,1.818181818,0.5,1.5,1.444444444,0.454545455,1.222222222,0.142857143,0.642857143,2,2.111111111,1.076923077,2.25,0.857142857,1.7,1.571428571,0.222222222,0.266666667,1.5,1.75,0.6,1,0.416666667,0.2,0.857142857,1.727272727,0.307692308,1.272727273,0.5,0.625,0.083333333,0.333333333,3.5,1.333333333,4.666666667,0.714285714,1.583333333,9,1.818181818,0.6,0.857142857,1.461538462,0
];
