r = [
0,79,20,78,66,6,63,47,4,66,75,2,23,34,45,53,15,60,28,22,35,73,6,36,10,50,71,51,70,51,57,34,30,63,19,44,69,62,4,76,30,30,46,56,1,75,14,4,11,43,69,0
];
p = [
0,15,22,24,1,16,1,16,18,20,11,25,1,15,2,30,28,11,20,29,18,15,4,14,21,13,6,21,5,16,14,17,11,12,18,11,29,27,24,9,23,12,15,3,22,28,26,9,17,18,6,0
];
e = [
0,2,19,12,20,9,16,4,16,11,11,12,17,10,3,19,17,6,14,13,6,19,4,10,13,1,15,12,18,3,6,5,13,7,11,11,5,12,11,4,14,2,17,13,10,10,1,10,9,8,14,0
];
d = [
0,880,1075,490,800,992,623,496,887,847,702,645,831,881,988,524,566,764,823,523,920,675,497,721,944,950,607,508,586,584,1027,442,546,563,423,527,1127,645,831,816,585,883,455,671,925,968,442,973,661,513,1113,1153
];
d_bar = [
0,894,1095,512,801,1006,624,510,903,865,712,668,832,895,990,551,591,774,841,549,936,689,501,734,963,962,612,527,591,598,1040,457,556,574,439,537,1153,669,853,824,606,894,469,674,945,993,465,981,676,529,1118,1153
];
w = [
0,0.142857143,0.95,0.545454545,20,0.642857143,16,0.285714286,1,0.611111111,1.1,0.52173913,17,0.714285714,1.5,0.703703704,0.68,0.6,0.777777778,0.5,0.375,1.357142857,1,0.769230769,0.684210526,0.083333333,3,0.631578947,3.6,0.214285714,0.461538462,0.333333333,1.3,0.636363636,0.6875,1.1,0.192307692,0.5,0.5,0.5,0.666666667,0.181818182,1.214285714,4.333333333,0.5,0.4,0.043478261,1.25,0.6,0.5,2.8,0
];
