r = [
0,31,4,208,239,282,318,320,217,12,205,130,290,174,196,200,278,34,214,171,331,346,313,89,30,138,131,69,249,142,257,294,65,95,362,188,104,318,383,328,5,286,247,278,144,154,69,4,111,369,37,0
];
p = [
0,13,25,11,9,24,17,2,26,21,1,13,11,14,21,12,12,12,8,5,27,10,26,27,7,16,3,30,24,13,27,29,30,1,26,12,16,23,25,4,5,16,13,5,10,30,21,7,25,2,2,0
];
e = [
0,13,9,18,3,18,2,4,8,20,1,13,9,18,19,7,1,14,16,8,6,15,8,10,15,7,12,1,1,9,7,4,13,11,18,12,13,6,20,9,19,20,11,7,4,15,9,12,19,17,7,0
];
d = [
0,243,112,283,791,417,364,870,456,703,860,282,693,655,733,605,567,741,880,285,574,537,956,168,288,445,806,707,579,754,680,963,203,404,826,486,216,581,886,445,348,514,701,586,813,686,764,498,305,789,560,989
];
d_bar = [
0,255,135,293,799,439,379,872,479,722,861,294,703,668,752,616,578,752,887,290,598,546,979,192,294,459,809,734,601,766,704,989,230,405,849,497,230,602,909,449,353,528,713,591,822,713,783,504,328,791,562,989
];
w = [
0,1.083333333,0.391304348,1.8,0.375,0.818181818,0.133333333,2,0.347826087,1.052631579,1,1.083333333,0.9,1.384615385,1,0.636363636,0.090909091,1.272727273,2.285714286,1.6,0.25,1.666666667,0.347826087,0.416666667,2.5,0.5,4,0.037037037,0.045454545,0.75,0.291666667,0.153846154,0.481481481,11,0.782608696,1.090909091,0.928571429,0.285714286,0.869565217,2.25,3.8,1.428571429,0.916666667,1.4,0.444444444,0.555555556,0.473684211,2,0.826086957,8.5,3.5,0
];
