r = [
0,168,397,339,259,258,287,81,400,232,111,253,73,404,291,7,132,224,123,191,94,199,199,298,338,294,320,204,150,151,315,89,251,20,274,311,144,6,26,319,295,301,239,198,231,128,305,84,162,17,366,0
];
p = [
0,14,19,8,5,15,8,25,19,24,14,28,18,12,6,25,4,9,26,20,14,30,21,19,18,12,19,17,20,26,16,17,4,25,3,27,27,1,2,16,23,1,30,21,29,7,15,27,5,7,18,0
];
e = [
0,15,2,17,20,18,10,5,11,5,14,19,17,9,1,10,18,14,3,11,12,13,17,8,8,1,5,17,13,16,2,4,14,5,17,5,5,10,10,17,3,8,12,1,14,18,11,16,13,17,10,0
];
d = [
0,542,756,632,560,578,496,689,624,562,368,579,509,699,665,545,377,724,693,747,443,664,718,697,690,685,743,621,548,752,880,372,573,618,496,660,514,421,491,822,892,662,762,804,500,484,629,323,471,582,821,904
];
d_bar = [
0,549,766,636,563,586,500,702,634,574,375,593,518,705,668,558,379,729,706,757,450,679,729,707,699,691,753,630,558,765,888,381,575,631,498,674,528,422,492,830,904,663,777,815,515,488,637,337,474,586,830,904
];
w = [
0,2.142857143,0.2,4.25,6.666666667,2.25,2.5,0.384615385,1.1,0.416666667,2,1.357142857,1.888888889,1.5,0.333333333,0.769230769,9,2.8,0.230769231,1.1,1.714285714,0.866666667,1.545454545,0.8,0.888888889,0.166666667,0.5,1.888888889,1.3,1.230769231,0.25,0.444444444,7,0.384615385,8.5,0.357142857,0.357142857,10,10,2.125,0.25,8,0.8,0.090909091,0.933333333,4.5,1.375,1.142857143,4.333333333,4.25,1.111111111,0
];
