r = [
0,67,47,33,68,7,70,33,2,79,80,73,69,11,56,40,64,53,15,80,63,69,14,33,22,80,53,51,37,16,49,66,34,48,4,33,19,6,14,75,11,32,49,3,18,9,40,62,51,53,54,0
];
p = [
0,7,13,28,16,16,27,17,18,24,30,6,14,29,8,30,9,16,17,9,25,17,26,14,1,5,24,25,17,2,7,20,3,28,3,26,2,26,22,17,7,19,4,16,18,28,10,10,16,21,26,0
];
e = [
0,12,4,10,9,6,16,11,17,20,16,12,5,14,16,15,12,10,10,19,9,17,17,14,20,20,19,12,11,12,12,5,3,11,1,20,8,7,9,3,9,13,15,15,7,12,19,11,17,9,7,0
];
d = [
0,784,811,754,783,747,769,787,760,804,805,816,781,781,773,815,761,793,780,806,807,845,791,748,747,834,785,789,811,749,809,801,771,823,709,729,753,703,787,809,754,741,784,736,770,743,738,762,781,822,773,847
];
d_bar = [
0,785,812,757,785,749,772,789,762,806,808,817,782,784,774,818,762,795,782,807,810,847,794,749,748,835,787,792,813,750,810,803,772,826,710,732,754,706,789,811,755,743,785,738,772,746,739,763,783,824,776,847
];
w = [
0,12,4,3.333333333,4.5,3,5.333333333,5.5,8.5,10,5.333333333,12,5,4.666666667,16,5,12,5,5,19,3,8.5,5.666666667,14,20,20,9.5,4,5.5,12,12,2.5,3,3.666666667,1,6.666666667,8,2.333333333,4.5,1.5,9,6.5,15,7.5,3.5,4,19,11,8.5,4.5,2.333333333,0
];
