r = [
0,57,55,53,71,24,56,11,55,68,40,25,35,42,48,26,45,18,66,58,46,15,23,30,49,26,53,54,8,59,31,4,24,21,18,3,63,50,68,54,24,35,14,58,54,63,73,56,39,51,34,0
];
p = [
0,7,29,10,6,1,10,2,1,20,20,22,7,30,29,19,22,29,5,21,14,7,30,7,6,6,4,5,22,24,14,5,2,25,8,21,30,12,29,18,15,29,3,15,24,7,9,15,16,9,10,0
];
e = [
0,14,2,19,7,7,20,7,7,10,4,2,8,19,7,2,2,9,20,3,17,8,14,5,12,17,2,18,8,9,8,16,4,19,10,3,13,18,10,10,5,5,12,13,1,4,15,19,15,20,7,0
];
d = [
0,722,695,724,751,664,735,650,690,744,661,683,683,663,680,697,693,676,713,704,699,669,674,688,677,683,734,735,682,692,711,663,715,712,687,671,691,702,755,716,660,686,636,736,707,716,732,747,705,741,720,758
];
d_bar = [
0,723,698,725,752,665,736,651,691,746,663,685,684,666,683,699,695,679,714,706,700,670,677,689,678,684,735,736,684,694,712,664,716,715,688,673,694,703,758,718,662,689,637,738,709,717,733,749,707,742,721,758
];
w = [
0,14,0.666666667,19,7,7,20,7,7,5,2,1,8,6.333333333,2.333333333,1,1,3,20,1.5,17,8,4.666666667,5,12,17,2,18,4,4.5,8,16,4,6.333333333,10,1.5,4.333333333,18,3.333333333,5,2.5,1.666666667,12,6.5,0.5,4,15,9.5,7.5,20,7,0
];
