r = [
0,180,303,395,343,368,85,247,214,159,334,264,81,45,105,267,108,264,309,30,308,356,125,239,74,236,200,82,61,334,14,242,119,54,380,25,143,412,261,13,97,154,128,109,321,26,191,173,353,381,332,0
];
p = [
0,28,7,28,10,24,16,25,12,13,14,26,6,11,29,15,11,28,16,24,23,5,2,2,17,26,2,23,5,23,21,15,25,27,28,14,2,24,19,14,1,2,18,28,20,4,19,5,26,29,15,0
];
e = [
0,19,16,14,11,15,17,4,11,14,7,15,8,3,7,11,10,20,5,2,2,19,19,14,7,1,8,16,20,20,6,5,7,12,14,15,10,13,13,8,14,13,10,14,4,17,12,2,9,9,7,0
];
d = [
0,250,1047,1165,554,655,509,385,339,359,814,651,520,804,238,574,789,429,1075,647,1051,956,223,812,507,476,493,726,541,477,561,533,410,588,663,329,521,1043,564,508,481,616,312,457,464,751,614,435,501,444,865,1190
];
d_bar = [
0,275,1053,1190,563,677,523,408,350,371,827,674,525,814,264,588,799,454,1089,669,1072,961,225,814,522,499,495,747,546,498,580,547,433,612,688,342,523,1065,581,521,482,618,328,482,482,755,631,440,524,470,879,1190
];
w = [
0,0.76,2.666666667,0.56,1.222222222,0.681818182,1.214285714,0.173913043,1,1.166666667,0.538461538,0.652173913,1.6,0.3,0.269230769,0.785714286,1,0.8,0.357142857,0.090909091,0.095238095,3.8,9.5,7,0.466666667,0.043478261,4,0.761904762,4,0.952380952,0.315789474,0.357142857,0.304347826,0.5,0.56,1.153846154,5,0.590909091,0.764705882,0.615384615,14,6.5,0.625,0.56,0.222222222,4.25,0.705882353,0.4,0.391304348,0.346153846,0.5,0
];
