r = [
0,219,116,395,133,392,367,40,259,124,417,321,168,6,40,119,390,51,303,390,165,68,136,206,378,331,172,278,6,185,217,162,213,398,308,9,142,47,293,313,243,107,113,301,3,213,74,249,427,156,266,0
];
p = [
0,26,22,20,25,7,21,8,21,18,29,9,28,22,18,13,7,23,27,19,10,25,2,10,23,22,27,17,1,25,20,30,30,13,13,17,19,30,9,5,8,5,29,22,21,12,29,2,22,24,19,0
];
e = [
0,4,18,11,6,17,18,14,19,6,15,4,1,9,11,14,1,1,7,6,14,6,18,6,12,5,15,9,16,10,15,4,14,17,14,19,13,17,2,7,10,19,12,18,14,5,1,17,14,10,16,0
];
d = [
0,859,668,1194,816,973,1123,416,712,566,675,926,684,470,480,585,739,708,565,443,884,875,261,752,459,544,632,733,191,559,445,433,514,1196,643,254,504,298,607,776,995,837,880,754,786,910,704,327,520,817,742,1212
];
d_bar = [
0,882,688,1212,839,979,1142,423,731,582,701,934,709,490,496,597,745,729,589,460,893,898,263,761,480,564,656,748,192,582,463,460,541,1208,655,269,521,325,615,781,1002,842,906,774,805,921,730,329,540,839,759,1212
];
w = [
0,0.173913043,0.9,0.611111111,0.260869565,2.833333333,0.947368421,2,1,0.375,0.576923077,0.5,0.04,0.45,0.6875,1.166666667,0.166666667,0.047619048,0.291666667,0.352941176,1.555555556,0.260869565,9,0.666666667,0.571428571,0.25,0.625,0.6,16,0.434782609,0.833333333,0.148148148,0.518518519,1.416666667,1.166666667,1.266666667,0.764705882,0.62962963,0.25,1.4,1.428571429,3.8,0.461538462,0.9,0.736842105,0.454545455,0.038461538,8.5,0.7,0.454545455,0.941176471,0
];
