r = [
0,304,31,359,183,13,230,319,382,140,87,384,347,5,291,78,291,43,183,263,132,90,261,131,271,386,34,254,89,117,93,335,228,334,270,54,169,27,38,58,168,214,104,297,121,21,184,36,208,80,42,0
];
p = [
0,10,15,12,29,15,18,19,5,1,25,2,23,19,30,16,10,27,28,26,3,22,28,29,14,25,27,11,4,11,22,9,10,16,22,14,7,23,4,18,24,11,21,18,20,19,1,5,6,17,5,0
];
e = [
0,13,2,17,7,1,7,17,4,15,14,5,15,12,1,19,9,4,2,9,2,11,12,9,14,18,14,17,4,7,13,4,12,14,4,14,17,13,20,15,2,20,12,20,18,8,20,8,18,5,10,0
];
d = [
0,689,353,558,715,234,765,783,636,523,414,971,642,336,845,621,812,474,775,472,634,567,703,367,806,670,537,573,508,642,455,751,818,887,478,509,667,459,336,509,685,597,499,851,345,399,562,433,494,557,453,972
];
d_bar = [
0,694,361,564,730,242,774,793,639,524,427,972,654,346,860,629,817,488,789,485,636,578,717,382,813,683,551,579,510,648,466,756,823,895,489,516,671,471,338,518,697,603,510,860,355,409,563,436,497,566,456,972
];
w = [
0,2.6,0.25,2.833333333,0.466666667,0.125,0.777777778,1.7,1.333333333,15,1.076923077,5,1.25,1.2,0.066666667,2.375,1.8,0.285714286,0.142857143,0.692307692,1,1,0.857142857,0.6,2,1.384615385,1,2.833333333,2,1.166666667,1.181818182,0.8,2.4,1.75,0.363636364,2,4.25,1.083333333,10,1.666666667,0.166666667,3.333333333,1.090909091,2.222222222,1.8,0.8,20,2.666666667,6,0.555555556,3.333333333,0
];
