r = [
0,79,17,36,46,11,75,78,53,75,56,45,63,7,29,73,82,26,17,50,14,25,39,80,42,26,23,4,76,29,9,10,38,50,3,76,16,38,29,34,30,78,68,82,9,19,9,45,13,30,24,0
];
p = [
0,30,24,15,11,17,12,8,10,15,5,17,17,7,17,4,16,7,6,21,8,15,16,28,20,30,15,28,19,8,28,5,7,19,20,20,20,27,14,23,15,23,29,19,3,1,14,27,13,29,28,0
];
e = [
0,19,19,7,8,11,4,6,2,8,14,1,17,10,10,14,6,3,10,4,7,1,10,13,12,7,10,14,13,16,2,15,20,7,6,6,5,12,8,20,4,12,17,1,12,10,2,6,16,19,12,0
];
d = [
0,947,817,655,936,932,763,960,737,911,712,606,755,707,617,731,806,591,734,731,933,750,817,809,970,716,684,639,664,933,908,651,908,758,920,975,939,894,811,960,602,974,961,737,665,717,937,657,574,942,933,986
];
d_bar = [
0,962,829,663,942,941,769,964,742,919,715,615,764,711,626,733,814,595,737,742,937,758,825,823,980,731,692,653,674,937,922,654,912,768,930,985,949,908,818,972,610,986,976,747,667,718,944,671,581,957,947,986
];
w = [
0,1.266666667,1.583333333,0.875,1.333333333,1.222222222,0.666666667,1.5,0.4,1,4.666666667,0.111111111,1.888888889,2.5,1.111111111,7,0.75,0.75,3.333333333,0.363636364,1.75,0.125,1.25,0.928571429,1.2,0.466666667,1.25,1,1.3,4,0.142857143,5,5,0.7,0.6,0.6,0.5,0.857142857,1.142857143,1.666666667,0.5,1,1.133333333,0.1,6,10,0.285714286,0.428571429,2.285714286,1.266666667,0.857142857,0
];
