r = [
0,46,685,607,201,621,516,464,568,342,34,658,473,160,570,245,27,514,657,597,276,651,641,593,611,421,77,170,265,461,150,235,500,657,57,513,5,3,552,569,40,409,11,459,203,97,584,100,632,25,54,0
];
p = [
0,28,25,2,22,6,28,21,24,24,23,15,26,20,2,12,3,21,3,18,21,19,13,27,10,1,1,13,21,18,20,24,11,5,28,18,1,4,18,25,22,21,10,21,15,23,5,2,6,27,3,0
];
e = [
0,7,7,18,10,15,15,5,7,9,5,15,3,11,14,14,10,6,3,12,14,12,2,17,10,12,5,19,11,13,8,8,18,8,9,18,12,20,7,15,20,19,13,3,10,7,14,6,3,16,10,0
];
d = [
0,80,710,609,223,733,544,678,592,366,125,722,508,330,754,257,256,535,699,737,507,718,799,816,794,640,225,183,517,479,409,470,608,688,151,562,87,203,583,594,74,441,21,480,347,362,679,133,866,289,57,869
];
d_bar = [
0,94,723,610,234,736,558,689,604,378,137,730,521,340,755,263,258,546,701,746,518,728,806,830,799,641,226,190,528,488,419,482,614,691,165,571,88,205,592,607,85,452,26,491,355,374,682,134,869,303,59,869
];
w = [
0,0.5,0.538461538,18,0.909090909,5,1.071428571,0.454545455,0.583333333,0.75,0.416666667,1.875,0.230769231,1.1,14,2.333333333,5,0.545454545,1.5,1.333333333,1.272727273,1.2,0.285714286,1.214285714,2,12,5,2.714285714,1,1.444444444,0.8,0.666666667,3,2.666666667,0.642857143,2,12,10,0.777777778,1.153846154,1.818181818,1.727272727,2.6,0.272727273,1.25,0.583333333,4.666666667,6,1,1.142857143,5,0
];
