r = [
0,334,262,489,59,320,296,211,564,326,498,96,262,393,191,614,239,326,86,336,464,40,619,327,257,652,629,29,292,252,534,134,557,358,198,642,368,534,236,618,598,441,265,78,69,210,564,635,490,164,152,0
];
p = [
0,16,12,29,2,12,30,7,15,7,3,17,28,20,29,1,21,9,20,21,18,28,23,2,19,27,22,3,28,9,1,16,8,1,19,5,24,1,10,25,25,10,1,3,13,1,28,23,28,12,6,0
];
e = [
0,6,14,13,9,1,12,12,11,6,15,5,16,2,19,14,14,13,17,18,9,17,13,17,10,20,13,14,15,4,2,17,3,6,3,3,4,6,19,9,20,6,15,19,16,3,7,8,7,16,5,0
];
d = [
0,431,302,572,160,410,337,252,619,382,597,169,343,438,298,667,292,376,194,419,538,148,726,387,330,711,689,97,387,348,575,242,640,420,295,689,461,642,298,676,688,503,310,166,128,283,672,714,534,252,234,728
];
d_bar = [
0,433,303,575,161,411,340,253,621,383,598,171,346,440,301,668,294,377,196,421,540,151,728,388,332,714,691,98,390,349,576,244,641,421,297,690,463,643,299,679,691,504,311,167,129,284,675,716,537,253,235,728
];
w = [
0,3,14,4.333333333,9,1,4,12,5.5,6,15,2.5,5.333333333,1,6.333333333,14,7,13,8.5,9,4.5,5.666666667,6.5,17,5,6.666666667,6.5,14,5,4,2,8.5,3,6,1.5,3,2,6,19,3,6.666666667,6,15,19,16,3,2.333333333,4,2.333333333,16,5,0
];
