r = [
0,250,9,265,116,91,338,254,250,183,25,279,159,143,209,292,111,216,301,5,336,185,333,167,45,34,304,174,170,158,252,97,149,164,295,261,283,341,277,141,270,77,213,267,14,46,298,74,186,76,116,0
];
p = [
0,12,9,30,12,17,9,16,9,12,7,8,22,6,17,11,17,29,18,15,13,11,10,19,2,23,2,17,15,8,3,21,5,15,6,16,20,7,6,18,17,1,30,28,22,23,2,10,19,9,11,0
];
e = [
0,20,4,4,2,9,11,13,18,11,9,9,15,18,13,6,12,16,7,14,13,18,5,16,13,14,7,12,4,4,12,8,15,2,9,8,10,1,14,3,15,15,10,18,17,3,6,7,2,15,20,0
];
d = [
0,572,497,488,349,447,616,582,450,573,274,569,650,571,434,539,520,443,598,294,573,540,741,507,345,296,777,617,635,589,559,292,630,492,543,472,533,849,450,321,682,306,718,603,491,444,560,269,668,437,545,853
];
d_bar = [
0,578,502,503,355,456,621,590,455,579,278,573,661,574,443,545,529,458,607,302,580,546,746,517,346,308,778,626,643,593,561,303,633,500,546,480,543,853,453,330,691,307,733,617,502,456,561,274,678,442,551,853
];
w = [
0,3.333333333,0.8,0.266666667,0.333333333,1,2.2,1.625,3.6,1.833333333,2.25,2.25,1.363636364,6,1.444444444,1,1.333333333,1.066666667,0.777777778,1.75,1.857142857,3,1,1.6,13,1.166666667,7,1.333333333,0.5,1,6,0.727272727,5,0.25,3,1,1,0.25,4.666666667,0.333333333,1.666666667,15,0.666666667,1.285714286,1.545454545,0.25,6,1.4,0.2,3,3.333333333,0
];
