r = [
0,65,56,23,14,16,37,21,71,75,48,54,60,49,13,18,4,65,58,69,14,45,35,77,10,4,56,24,68,30,14,65,20,71,53,64,75,26,14,40,23,56,73,40,42,72,38,2,62,48,45,0
];
p = [
0,16,29,10,3,7,29,12,24,5,21,9,30,7,11,4,26,20,1,8,24,14,26,27,8,2,16,20,19,22,4,1,17,9,23,17,18,2,11,13,22,6,27,25,19,16,19,28,10,27,14,0
];
e = [
0,7,18,19,7,8,11,1,8,9,13,14,3,15,7,5,8,14,18,5,9,18,9,2,17,12,10,8,16,20,20,5,8,18,6,10,13,11,5,11,15,19,5,9,11,4,14,12,12,17,12,0
];
d = [
0,602,689,658,670,908,610,641,1075,1028,911,993,543,1036,551,449,550,642,819,746,933,532,420,466,585,1028,828,885,1109,528,417,866,381,1000,819,663,824,669,383,1004,552,838,996,696,953,1075,517,690,415,840,597,1126
];
d_bar = [
0,616,715,667,673,914,636,652,1097,1033,930,1001,570,1042,561,453,573,660,820,753,955,545,443,490,592,1030,842,903,1126,548,421,867,396,1008,840,678,840,671,393,1016,572,843,1020,719,970,1089,534,715,424,864,610,1126
];
w = [
0,0.5,0.692307692,2.111111111,2.333333333,1.333333333,0.423076923,0.090909091,0.363636364,1.8,0.684210526,1.75,0.111111111,2.5,0.7,1.25,0.347826087,0.777777778,18,0.714285714,0.409090909,1.384615385,0.391304348,0.083333333,2.428571429,6,0.714285714,0.444444444,0.941176471,1,5,5,0.533333333,2.25,0.285714286,0.666666667,0.8125,5.5,0.5,0.916666667,0.75,3.8,0.208333333,0.391304348,0.647058824,0.285714286,0.823529412,0.48,1.333333333,0.708333333,0.923076923,0
];
