r = [
0,52,3,49,1,56,73,23,25,22,6,12,59,1,28,62,15,8,74,23,28,48,52,20,26,74,35,29,32,31,16,20,73,24,70,39,21,39,28,19,62,73,1,12,42,13,31,1,8,54,42,0
];
p = [
0,11,5,25,18,15,16,29,1,24,14,3,14,19,16,14,24,9,10,7,13,26,24,15,12,1,20,4,21,2,9,16,26,18,27,27,25,19,21,9,15,19,27,24,3,16,3,7,8,1,9,0
];
e = [
0,15,4,14,16,4,6,11,14,3,4,11,8,6,5,14,17,16,15,4,14,14,6,11,4,13,2,1,1,20,17,1,19,15,3,1,1,10,13,3,17,4,15,15,5,5,13,9,16,10,3,0
];
d = [
0,1028,934,1036,832,785,591,745,610,788,970,823,985,621,778,938,518,790,1022,516,591,403,895,566,904,629,458,602,462,758,499,759,631,579,912,449,716,648,629,360,740,843,781,561,839,669,796,732,862,735,458,1059
];
d_bar = [
0,1038,939,1059,848,799,605,771,611,810,983,826,998,638,792,951,540,798,1031,522,603,426,917,580,915,630,476,606,481,760,507,773,654,595,936,473,739,665,648,368,754,860,805,583,842,683,799,738,869,736,466,1059
];
w = [
0,1.5,0.8,0.608695652,1,0.285714286,0.428571429,0.423076923,14,0.136363636,0.307692308,3.666666667,0.615384615,0.352941176,0.357142857,1.076923077,0.772727273,2,1.666666667,0.666666667,1.166666667,0.608695652,0.272727273,0.785714286,0.363636364,13,0.111111111,0.25,0.052631579,10,2.125,0.071428571,0.826086957,0.9375,0.125,0.041666667,0.043478261,0.588235294,0.684210526,0.375,1.214285714,0.235294118,0.625,0.681818182,1.666666667,0.357142857,4.333333333,1.5,2.285714286,10,0.375,0
];
