r = [
0,55,130,724,677,435,575,301,730,734,298,370,104,592,132,207,544,194,334,126,244,517,278,655,499,350,613,434,264,579,592,334,139,442,682,270,142,344,75,319,452,47,159,745,163,648,131,735,233,716,245,0
];
p = [
0,29,26,3,1,19,29,3,14,25,11,25,26,1,12,14,25,23,27,26,2,29,28,8,10,26,9,13,24,18,21,29,24,8,23,18,26,1,15,23,3,21,13,12,21,19,17,12,6,16,8,0
];
e = [
0,17,5,7,3,20,19,15,18,3,18,20,9,11,15,5,11,13,5,5,4,11,16,12,9,14,20,17,5,13,11,1,18,1,15,6,18,3,6,1,11,7,12,14,8,7,11,17,20,3,4,0
];
d = [
0,84,358,979,739,657,610,596,1070,1055,433,395,151,932,144,221,705,409,361,468,246,724,558,695,795,376,622,447,288,839,717,363,163,827,705,288,168,345,90,342,488,85,173,757,553,1074,148,1045,239,1042,253,1091
];
d_bar = [
0,110,381,982,740,674,636,599,1083,1078,443,418,174,933,155,234,728,430,385,491,248,750,583,702,804,399,630,459,310,855,736,389,185,834,726,304,191,346,104,363,491,104,185,768,572,1091,163,1056,244,1056,260,1091
];
w = [
0,0.653846154,0.217391304,2.333333333,3,1.176470588,0.730769231,5,1.384615385,0.130434783,1.8,0.869565217,0.391304348,11,1.363636364,0.384615385,0.47826087,0.619047619,0.208333333,0.217391304,2,0.423076923,0.64,1.714285714,1,0.608695652,2.5,1.416666667,0.227272727,0.8125,0.578947368,0.038461538,0.818181818,0.142857143,0.714285714,0.375,0.782608696,3,0.428571429,0.047619048,3.666666667,0.368421053,1,1.272727273,0.421052632,0.411764706,0.733333333,1.545454545,4,0.214285714,0.571428571,0
];
