r = [
0,123,128,138,219,282,327,68,371,331,249,230,170,320,153,318,141,316,25,282,218,207,335,32,369,388,310,254,117,267,289,328,96,225,18,169,154,350,185,30,94,96,24,43,345,187,183,394,117,66,32,0
];
p = [
0,12,27,30,22,2,10,27,8,20,18,27,21,14,14,21,25,19,18,1,18,9,24,3,1,24,10,21,16,25,15,2,4,17,28,24,9,7,29,9,24,24,14,8,14,26,1,13,13,4,26,0
];
e = [
0,3,20,1,9,12,5,9,18,8,1,3,8,8,2,9,5,16,10,2,8,8,6,6,14,20,13,14,16,19,16,6,12,12,11,9,8,9,20,10,9,10,18,12,3,12,4,14,20,13,3,0
];
d = [
0,695,329,624,665,703,924,591,852,550,519,636,457,715,672,645,358,707,498,660,638,462,909,342,950,809,596,789,656,471,561,818,646,627,450,535,647,857,432,601,332,622,426,537,732,414,423,596,480,495,488,951
];
d_bar = [
0,701,343,639,676,704,929,605,856,560,528,650,468,722,679,656,371,717,507,661,647,467,921,344,951,821,601,800,664,484,569,819,648,636,464,547,652,861,447,606,344,634,433,541,739,427,424,603,487,497,501,951
];
w = [
0,0.5,1.428571429,0.066666667,0.818181818,12,1,0.642857143,4.5,0.8,0.111111111,0.214285714,0.727272727,1.142857143,0.285714286,0.818181818,0.384615385,1.6,1.111111111,2,0.888888889,1.6,0.5,3,14,1.666666667,2.6,1.272727273,2,1.461538462,2,6,6,1.333333333,0.785714286,0.75,1.6,2.25,1.333333333,2,0.75,0.833333333,2.571428571,3,0.428571429,0.923076923,4,2,2.857142857,6.5,0.230769231,0
];
