r = [
0,552,500,100,645,597,269,320,320,399,516,646,321,347,666,170,600,298,512,650,434,507,377,606,603,525,83,331,328,484,363,593,403,426,654,27,299,391,176,152,160,40,640,204,120,296,266,640,568,641,186,0
];
p = [
0,6,20,29,29,20,19,16,13,30,1,4,14,21,8,22,21,16,4,14,20,7,20,21,11,16,11,9,11,25,11,26,16,6,27,25,15,30,15,7,6,13,13,16,8,6,27,2,5,9,12,0
];
e = [
0,18,2,12,17,9,2,16,2,6,2,16,9,16,8,20,18,10,7,6,9,2,12,20,12,7,13,12,12,6,14,11,1,8,12,2,16,20,7,4,7,11,6,15,3,12,2,9,14,14,2,0
];
d = [
0,740,520,273,698,751,288,500,333,570,517,650,335,368,878,192,636,508,685,758,620,514,540,773,751,745,94,510,339,518,430,716,660,432,681,52,513,421,280,212,312,53,873,394,188,302,526,866,818,736,338,882
];
d_bar = [
0,743,530,288,713,761,298,508,340,585,518,652,342,379,882,203,647,516,687,765,630,518,550,784,757,753,100,515,345,531,436,729,668,435,695,65,521,436,288,216,315,60,880,402,192,305,540,867,821,741,344,882
];
w = [
0,6,0.2,0.8,1.133333333,0.9,0.2,2,0.285714286,0.4,2,8,1.285714286,1.454545455,2,1.818181818,1.636363636,1.25,3.5,0.857142857,0.9,0.5,1.2,1.818181818,2,0.875,2.166666667,2.4,2,0.461538462,2.333333333,0.846153846,0.125,2.666666667,0.857142857,0.153846154,2,1.333333333,0.875,1,2.333333333,1.571428571,0.857142857,1.875,0.75,4,0.142857143,9,4.666666667,2.8,0.333333333,0
];
