r = [
0,470,307,546,337,135,683,593,639,463,516,37,414,121,108,160,333,521,417,660,326,689,456,487,423,269,648,768,761,682,655,303,70,455,513,233,452,126,340,238,34,392,162,216,557,306,650,68,62,162,240,0
];
p = [
0,10,24,26,14,13,30,11,29,16,4,12,2,17,18,29,16,18,11,10,19,24,4,19,27,19,23,10,13,27,18,7,9,4,26,30,29,25,7,21,5,23,16,14,28,14,13,21,17,30,23,0
];
e = [
0,15,7,2,13,11,9,5,7,17,6,1,11,9,1,13,13,13,2,14,19,3,8,9,8,14,18,6,14,13,10,9,14,10,11,6,15,9,15,10,15,10,11,12,15,19,16,20,8,5,1,0
];
d = [
0,836,609,648,440,404,713,604,793,779,974,297,416,513,126,327,714,673,428,806,472,713,867,506,683,288,949,778,1179,709,747,310,79,459,810,263,481,183,347,360,210,519,362,453,687,397,976,254,404,192,387,1191
];
d_bar = [
0,845,631,671,453,416,740,614,819,793,978,308,418,528,142,353,728,689,438,815,489,735,871,523,707,305,970,787,1191,733,763,316,87,463,833,290,507,206,353,379,215,540,376,466,712,410,988,273,419,219,408,1191
];
w = [
0,1.666666667,0.318181818,0.086956522,1,0.916666667,0.333333333,0.5,0.269230769,1.214285714,1.5,0.090909091,5.5,0.6,0.0625,0.5,0.928571429,0.8125,0.2,1.555555556,1.117647059,0.136363636,2,0.529411765,0.333333333,0.823529412,0.857142857,0.666666667,1.166666667,0.541666667,0.625,1.5,1.75,2.5,0.47826087,0.222222222,0.576923077,0.391304348,2.5,0.526315789,3,0.476190476,0.785714286,0.923076923,0.6,1.461538462,1.333333333,1.052631579,0.533333333,0.185185185,0.047619048,0
];
