r = [
0,343,401,617,215,119,347,203,258,457,566,725,234,708,722,627,605,271,559,423,330,60,616,637,716,630,115,198,547,102,311,102,139,386,211,108,438,754,752,246,198,589,665,193,223,636,324,299,699,377,634,0
];
p = [
0,22,4,12,20,17,14,30,25,25,19,18,14,11,10,21,4,23,16,26,15,29,15,3,7,25,25,17,2,19,2,24,29,23,15,20,17,10,26,8,11,15,18,26,2,6,28,30,19,21,8,0
];
e = [
0,13,9,8,16,10,8,8,2,15,19,11,1,10,6,5,17,9,20,3,19,5,19,13,7,3,8,7,11,10,1,4,8,2,8,19,3,20,4,19,20,7,1,12,9,3,8,17,3,5,17,0
];
d = [
0,365,671,712,394,136,361,479,335,786,585,743,465,1113,732,648,609,294,575,801,345,359,1033,859,723,820,249,215,574,121,509,296,168,409,253,220,455,1010,778,254,423,672,973,508,225,921,618,329,718,583,902,1123
];
d_bar = [
0,385,675,723,412,151,374,506,358,809,602,759,478,1123,741,667,613,315,589,824,359,385,1047,862,729,843,272,230,576,138,511,318,194,430,267,238,470,1019,801,261,433,686,989,531,227,926,643,356,735,602,909,1123
];
w = [
0,0.65,2.25,0.727272727,0.888888889,0.666666667,0.615384615,0.296296296,0.086956522,0.652173913,1.117647059,0.6875,0.076923077,1,0.666666667,0.263157895,4.25,0.428571429,1.428571429,0.130434783,1.357142857,0.192307692,1.357142857,4.333333333,1.166666667,0.130434783,0.347826087,0.466666667,5.5,0.588235294,0.5,0.181818182,0.307692308,0.095238095,0.571428571,1.055555556,0.2,2.222222222,0.173913043,2.714285714,2,0.5,0.0625,0.52173913,4.5,0.6,0.32,0.62962963,0.176470588,0.263157895,2.428571429,0
];
