r = [
0,185,533,266,160,681,422,592,459,190,16,483,596,214,346,239,196,362,466,171,10,572,34,9,407,15,130,135,342,289,122,229,134,85,643,675,479,600,553,340,184,33,552,202,95,529,568,155,207,680,61,0
];
p = [
0,15,3,20,9,18,9,27,23,14,22,3,14,21,14,8,30,4,3,17,28,23,1,7,19,25,13,7,6,23,19,18,10,12,9,22,20,11,30,23,18,6,19,19,13,15,20,10,9,24,4,0
];
e = [
0,14,14,7,19,10,17,5,2,19,2,1,18,20,6,17,4,7,9,9,16,12,1,14,18,17,20,12,16,16,12,8,16,1,7,14,8,1,17,9,6,8,2,9,11,13,13,8,19,18,3,0
];
d = [
0,329,560,527,196,699,537,709,585,204,178,489,848,385,360,247,226,541,656,407,89,595,35,168,426,177,143,385,348,312,142,247,144,218,893,868,499,611,732,363,202,204,571,369,312,566,588,315,216,738,163,898
];
d_bar = [
0,337,562,537,201,708,542,723,597,211,189,491,855,396,367,251,241,543,658,416,103,607,36,172,436,190,150,389,351,324,152,256,149,224,898,879,509,617,747,375,211,207,581,379,319,574,598,320,221,750,165,898
];
w = [
0,1.75,7,0.7,3.8,1.111111111,3.4,0.357142857,0.166666667,2.714285714,0.181818182,0.5,2.571428571,1.818181818,0.857142857,4.25,0.266666667,3.5,4.5,1,1.142857143,1,1,3.5,1.8,1.307692308,2.857142857,3,5.333333333,1.333333333,1.2,0.888888889,3.2,0.166666667,1.4,1.272727273,0.8,0.166666667,1.133333333,0.75,0.666666667,2.666666667,0.2,0.9,1.571428571,1.625,1.3,1.6,3.8,1.5,1.5,0
];
