r = [
0,46,551,274,589,439,410,481,506,380,285,623,505,45,96,419,596,313,226,353,622,396,391,328,242,252,518,546,97,599,513,54,218,329,237,73,77,614,218,511,286,413,106,607,109,377,105,21,501,477,261,0
];
p = [
0,2,11,3,13,5,21,29,1,25,27,11,27,8,29,17,27,4,10,16,8,21,21,9,17,16,14,17,10,30,3,3,20,11,6,14,28,25,7,16,13,1,29,6,6,22,9,10,3,5,11,0
];
e = [
0,2,4,1,13,9,6,18,5,7,18,18,14,14,17,19,2,12,3,16,12,12,13,7,14,12,18,15,6,8,8,5,16,17,15,3,20,10,8,17,6,5,9,5,12,16,20,12,18,20,16,0
];
d = [
0,48,562,301,721,562,580,586,708,405,429,637,532,53,125,565,684,539,236,369,695,503,580,490,353,268,693,652,252,732,516,102,238,518,458,87,105,707,379,694,299,643,205,650,115,399,114,237,659,482,456,747
];
d_bar = [
0,49,568,303,728,565,591,601,709,418,443,643,546,57,140,574,698,541,241,377,699,514,591,495,362,276,700,661,257,747,518,104,248,524,461,94,119,720,383,702,306,644,220,653,118,410,119,242,661,485,462,747
];
w = [
0,2,0.666666667,0.5,1.857142857,3,0.545454545,1.2,5,0.538461538,1.285714286,3,1,3.5,1.133333333,2.111111111,0.142857143,6,0.6,2,3,1.090909091,1.181818182,1.4,1.555555556,1.5,2.571428571,1.666666667,1.2,0.533333333,4,2.5,1.6,2.833333333,5,0.428571429,1.428571429,0.769230769,2,2.125,0.857142857,5,0.6,1.666666667,4,1.454545455,4,2.4,9,6.666666667,2.666666667,0
];
