r = [
0,366,352,63,84,19,129,336,322,249,189,294,166,79,329,246,145,52,120,28,33,209,343,227,127,83,183,40,310,348,78,115,330,191,195,347,213,189,38,279,370,332,204,50,198,55,133,43,158,42,82,0
];
p = [
0,26,24,5,9,20,20,12,7,5,29,29,16,9,12,29,14,3,27,8,28,2,8,4,6,19,30,4,12,27,3,13,5,8,16,10,25,24,6,25,10,20,25,23,3,15,24,17,17,20,30,0
];
e = [
0,7,14,1,2,7,12,6,18,3,13,5,15,16,12,16,17,18,13,9,11,11,16,15,5,13,14,5,4,18,7,9,2,16,3,14,2,11,20,6,17,3,19,11,13,17,2,19,13,3,19,0
];
d = [
0,906,527,194,473,280,192,603,864,757,782,751,485,714,677,525,579,180,328,108,562,601,548,829,859,645,875,722,546,699,793,340,815,727,461,708,555,569,400,604,498,712,337,406,583,342,492,166,780,756,455,929
];
d_bar = [
0,929,549,199,481,298,210,614,870,762,808,777,499,722,688,551,592,183,352,115,587,603,555,833,864,662,902,726,557,723,796,352,820,734,475,717,578,591,405,627,507,730,360,427,586,356,514,181,795,774,482,929
];
w = [
0,0.304347826,0.636363636,0.2,0.25,0.388888889,0.666666667,0.545454545,3,0.6,0.5,0.192307692,1.071428571,2,1.090909091,0.615384615,1.307692308,6,0.541666667,1.285714286,0.44,5.5,2.285714286,3.75,1,0.764705882,0.518518519,1.25,0.363636364,0.75,2.333333333,0.75,0.4,2.285714286,0.214285714,1.555555556,0.086956522,0.5,4,0.260869565,1.888888889,0.166666667,0.826086957,0.523809524,4.333333333,1.214285714,0.090909091,1.266666667,0.866666667,0.166666667,0.703703704,0
];
