r = [
0,6,77,34,78,36,31,59,4,22,31,22,11,30,15,46,39,29,23,4,50,44,50,39,28,50,72,23,18,32,36,28,20,25,3,75,49,20,53,36,27,8,36,59,3,26,62,20,77,37,13,0
];
p = [
0,1,12,13,26,14,2,13,26,17,6,28,30,22,21,1,9,17,24,12,23,22,27,15,9,10,28,12,15,23,17,14,1,30,6,19,5,9,6,4,23,20,10,26,19,21,1,27,27,6,12,0
];
e = [
0,20,3,9,19,18,8,14,19,20,18,5,7,10,19,11,11,9,13,2,9,17,4,3,19,19,1,5,7,18,1,8,14,10,2,6,3,2,9,5,12,6,12,13,20,8,11,16,5,6,15,0
];
d = [
0,792,957,902,886,855,540,635,723,717,705,777,751,734,736,671,662,783,873,729,672,624,602,609,802,753,946,767,686,903,853,758,600,870,821,780,884,571,880,755,621,802,658,639,810,854,610,722,867,873,746,963
];
d_bar = [
0,793,963,909,899,862,541,642,736,726,708,791,766,745,747,672,667,792,885,735,684,635,616,617,807,758,960,773,694,915,862,765,601,885,824,790,887,576,883,757,633,812,663,652,820,865,611,736,881,876,752,963
];
w = [
0,20,0.5,1.285714286,1.461538462,2.571428571,8,2,1.461538462,2.222222222,6,0.357142857,0.466666667,0.909090909,1.727272727,11,2.2,1,1.083333333,0.333333333,0.75,1.545454545,0.285714286,0.375,3.8,3.8,0.071428571,0.833333333,0.875,1.5,0.111111111,1.142857143,14,0.666666667,0.666666667,0.6,1,0.4,3,2.5,1,0.6,2.4,1,2,0.727272727,11,1.142857143,0.357142857,2,2.5,0
];
