r = [
0,622,213,647,489,124,635,87,134,221,438,263,626,651,28,615,64,256,260,480,612,225,511,144,411,569,506,475,532,400,506,388,423,58,232,487,196,339,396,545,595,144,387,72,558,15,607,273,175,651,78,0
];
p = [
0,2,8,23,17,3,16,6,6,30,7,25,12,13,9,9,1,9,6,9,17,18,3,12,30,21,2,12,27,22,22,25,1,3,8,6,3,20,13,25,24,23,5,19,23,17,22,30,22,29,13,0
];
e = [
0,12,18,12,19,17,10,19,15,7,13,9,4,13,17,8,6,14,17,6,8,17,9,10,14,14,18,15,19,18,4,3,9,12,6,1,10,4,12,8,5,1,12,19,8,5,9,14,6,19,3,0
];
d = [
0,624,221,690,506,283,651,151,394,616,445,288,1007,897,398,624,351,277,538,489,991,490,514,454,441,882,508,487,725,504,632,698,427,225,571,711,416,373,483,720,619,167,392,91,954,32,629,484,468,680,404,1018
];
d_bar = [
0,626,228,711,521,286,665,156,399,643,451,311,1018,909,406,632,352,285,543,497,1006,506,517,465,468,901,510,498,749,524,652,721,428,228,578,716,419,391,495,743,641,188,397,108,975,47,649,511,488,706,416,1018
];
w = [
0,6,2.571428571,0.571428571,1.266666667,5.666666667,0.714285714,3.8,3,0.259259259,2.166666667,0.391304348,0.363636364,1.083333333,2.125,1,6,1.75,3.4,0.75,0.533333333,1.0625,3,0.909090909,0.518518519,0.736842105,9,1.363636364,0.791666667,0.9,0.2,0.130434783,9,4,0.857142857,0.2,3.333333333,0.222222222,1,0.347826087,0.227272727,0.047619048,2.4,1.117647059,0.380952381,0.333333333,0.45,0.518518519,0.3,0.730769231,0.25,0
];
