r = [
0,143,121,21,52,341,150,258,395,319,153,209,81,217,352,216,348,88,271,188,330,173,359,184,262,26,81,49,256,376,31,43,310,341,184,241,217,73,11,191,240,372,176,324,198,233,301,285,313,216,144,0
];
p = [
0,22,23,21,18,8,17,18,30,23,23,22,30,7,17,4,24,16,30,18,7,18,8,26,11,1,6,1,18,20,4,16,26,9,1,29,24,21,27,15,30,12,6,25,1,4,11,1,9,28,20,0
];
e = [
0,15,10,7,13,5,8,19,9,13,16,12,13,4,10,13,11,12,19,19,12,12,17,4,10,16,11,12,2,10,7,5,1,2,1,1,5,12,2,5,7,11,3,12,3,2,5,12,9,13,12,0
];
d = [
0,683,172,493,109,790,202,306,907,427,645,299,234,538,789,719,843,690,410,623,576,850,612,472,934,176,739,635,654,1039,502,416,807,1014,367,321,828,184,582,650,924,630,579,791,872,600,970,884,477,585,387,1057
];
d_bar = [
0,703,193,512,125,797,217,322,934,448,666,319,261,544,804,723,865,704,437,639,582,866,619,495,944,177,744,636,670,1057,506,430,830,1022,368,347,850,203,606,664,951,641,584,814,873,604,980,885,485,610,405,1057
];
w = [
0,0.75,0.476190476,0.368421053,0.8125,0.714285714,0.533333333,1.1875,0.333333333,0.619047619,0.761904762,0.6,0.481481481,0.666666667,0.666666667,3.25,0.5,0.857142857,0.703703704,1.1875,2,0.75,2.428571429,0.173913043,1,16,2.2,12,0.125,0.555555556,1.75,0.357142857,0.043478261,0.25,1,0.038461538,0.227272727,0.631578947,0.083333333,0.357142857,0.259259259,1,0.6,0.52173913,3,0.5,0.5,12,1.125,0.52,0.666666667,0
];
