r = [
0,111,390,274,2,108,308,402,222,271,243,168,320,304,363,96,336,237,279,379,379,302,88,60,206,306,140,155,99,145,279,8,180,11,197,395,86,61,302,231,408,227,312,198,6,36,21,106,343,310,196,0
];
p = [
0,3,22,19,12,29,5,23,14,9,19,19,26,10,19,28,17,12,3,5,12,1,22,14,25,30,21,15,17,27,5,11,20,13,13,25,19,21,21,26,5,9,3,16,21,16,19,15,25,26,9,0
];
e = [
0,17,5,8,17,9,19,9,4,7,5,2,19,10,9,17,17,5,1,18,10,19,20,3,12,7,6,20,8,19,6,12,9,4,9,7,16,15,14,3,14,17,8,7,15,5,18,6,17,2,13,0
];
d = [
0,510,807,668,387,531,705,828,605,698,663,597,709,749,796,498,770,640,657,789,757,721,535,450,604,752,507,571,484,535,718,421,547,420,602,834,458,505,724,633,792,642,702,574,395,432,397,548,787,738,599,837
];
d_bar = [
0,511,809,670,388,534,706,830,606,699,665,599,712,750,798,501,772,641,658,790,758,722,537,451,607,755,509,573,486,538,719,422,549,421,603,837,460,507,726,636,793,643,703,576,397,434,399,550,790,741,600,837
];
w = [
0,17,2.5,4,17,3,19,4.5,4,7,2.5,1,6.333333333,10,4.5,5.666666667,8.5,5,1,18,10,19,10,3,4,2.333333333,3,10,4,6.333333333,6,12,4.5,4,9,2.333333333,8,7.5,7,1,14,17,8,3.5,7.5,2.5,9,3,5.666666667,0.666666667,13,0
];
