r = [
0,605,557,507,331,70,346,175,678,709,481,287,591,195,298,681,109,519,144,184,735,406,481,184,744,376,65,77,618,369,292,296,96,11,591,607,634,339,64,696,373,566,464,98,490,503,444,105,558,719,388,0
];
p = [
0,6,26,23,1,26,12,15,20,7,16,24,7,13,17,26,23,29,20,25,2,3,10,30,5,25,9,7,20,19,23,1,28,21,26,12,10,26,12,3,8,28,26,19,17,24,5,29,15,9,23,0
];
e = [
0,14,2,7,19,9,4,2,8,16,13,17,15,17,6,13,17,9,15,2,18,5,14,10,16,16,2,1,20,15,8,16,9,7,14,13,8,11,2,19,16,10,9,14,1,8,6,19,2,3,12,0
];
d = [
0,685,583,560,496,112,378,205,698,980,639,374,616,419,320,804,348,650,312,309,991,650,530,309,972,635,74,233,724,615,473,400,215,108,751,772,644,593,163,794,657,828,490,275,575,527,449,134,663,728,420,992
];
d_bar = [
0,688,596,572,497,125,384,213,708,984,647,386,620,426,329,817,360,665,322,322,992,652,535,324,975,648,79,237,734,625,485,401,229,119,764,778,649,606,169,796,661,842,503,285,584,539,452,149,671,733,432,992
];
w = [
0,4.666666667,0.153846154,0.583333333,19,0.692307692,0.666666667,0.25,0.8,4,1.625,1.416666667,3.75,2.428571429,0.666666667,1,1.416666667,0.6,1.5,0.153846154,18,2.5,2.8,0.666666667,5.333333333,1.230769231,0.4,0.25,2,1.5,0.666666667,16,0.642857143,0.636363636,1.076923077,2.166666667,1.6,0.846153846,0.333333333,9.5,4,0.714285714,0.692307692,1.4,0.111111111,0.666666667,2,1.266666667,0.25,0.6,1,0
];
