r = [
0,67,71,11,43,71,55,25,23,11,46,73,56,15,31,83,50,38,75,19,18,15,72,78,40,31,88,36,85,79,42,64,44,42,51,48,60,40,6,26,76,57,55,52,3,60,86,46,53,80,22,0
];
p = [
0,2,22,28,21,19,13,24,27,23,11,9,9,9,14,14,23,15,21,17,8,30,26,1,7,6,11,29,29,7,29,28,2,23,30,11,8,21,23,27,28,2,16,25,14,20,25,16,26,24,19,0
];
e = [
0,14,19,15,7,6,15,15,14,11,12,18,12,2,6,8,5,3,15,7,9,18,16,18,14,11,17,7,5,8,7,3,9,4,15,13,1,5,16,7,17,11,3,12,12,2,10,10,18,7,17,0
];
d = [
0,1040,937,933,829,869,1015,632,824,664,723,809,1050,808,769,1064,881,976,671,946,655,855,1084,712,967,664,1093,977,956,858,1005,884,884,809,1059,977,686,771,813,788,870,716,646,1074,894,682,698,1000,988,1043,843,1099
];
d_bar = [
0,1041,948,947,840,879,1022,644,838,676,729,814,1055,813,776,1071,893,984,682,955,659,870,1097,713,971,667,1099,992,971,862,1020,898,885,821,1074,983,690,782,825,802,884,717,654,1087,901,692,711,1008,1001,1055,853,1099
];
w = [
0,14,1.727272727,1.071428571,0.636363636,0.6,2.142857143,1.25,1,0.916666667,2,3.6,2.4,0.4,0.857142857,1.142857143,0.416666667,0.375,1.363636364,0.777777778,2.25,1.2,1.230769231,18,3.5,3.666666667,2.833333333,0.466666667,0.333333333,2,0.466666667,0.214285714,9,0.333333333,1,2.166666667,0.25,0.454545455,1.333333333,0.5,1.214285714,11,0.375,0.923076923,1.714285714,0.2,0.769230769,1.25,1.384615385,0.583333333,1.7,0
];
