r = [
0,64,74,8,38,19,68,18,69,4,2,57,60,42,69,2,9,26,38,37,55,42,73,26,49,58,12,40,28,12,35,62,66,6,39,33,54,74,63,65,6,14,9,31,49,55,67,76,55,62,57,0
];
p = [
0,28,6,27,28,2,20,1,12,4,19,11,2,8,19,21,22,20,11,27,12,3,10,1,5,28,9,5,18,9,10,29,14,17,28,14,4,29,14,14,13,29,28,25,15,23,6,15,18,6,19,0
];
e = [
0,3,11,9,11,8,11,18,20,19,19,10,15,16,10,20,17,18,18,14,19,5,7,13,5,13,3,16,2,4,17,12,11,18,9,11,19,6,11,7,6,8,3,1,20,5,14,2,4,3,9,0
];
d = [
0,559,735,548,736,839,677,595,766,777,561,834,562,840,610,787,830,896,579,675,755,814,909,846,642,761,731,884,571,744,673,622,601,699,887,810,716,643,573,925,753,599,791,550,905,657,789,673,747,565,573,932
];
d_bar = [
0,573,738,562,750,840,687,596,772,779,571,840,563,844,620,798,841,906,585,689,761,816,914,847,645,775,736,887,580,749,678,637,608,708,901,817,718,658,580,932,760,614,805,563,913,669,792,681,756,568,583,932
];
w = [
0,0.214285714,3.666666667,0.642857143,0.785714286,8,1.1,18,3.333333333,9.5,1.9,1.666666667,15,4,1,1.818181818,1.545454545,1.8,3,1,3.166666667,2.5,1.4,13,1.666666667,0.928571429,0.6,5.333333333,0.222222222,0.8,3.4,0.8,1.571428571,2,0.642857143,1.571428571,9.5,0.4,1.571428571,1,0.857142857,0.533333333,0.214285714,0.076923077,2.5,0.416666667,4.666666667,0.25,0.444444444,1,0.9,0
];
