r = [
0,30,2,69,69,16,41,21,51,18,15,47,32,65,32,29,37,37,69,2,67,30,1,12,46,8,56,19,21,25,55,47,67,16,41,60,25,47,13,49,29,10,69,53,8,17,64,10,21,47,17,0
];
p = [
0,11,24,19,14,4,3,3,1,18,4,21,8,14,18,4,5,5,16,26,9,13,25,14,5,27,7,24,22,7,3,16,25,20,7,18,13,15,11,23,23,22,21,17,12,16,7,21,14,4,9,0
];
e = [
0,5,1,17,20,8,14,13,6,18,7,11,3,19,7,19,20,8,12,13,17,15,17,5,17,18,2,4,14,9,1,14,7,12,9,15,20,11,11,6,1,8,15,7,11,9,14,14,14,5,2,0
];
d = [
0,639,652,721,721,625,680,647,649,630,616,647,653,711,659,627,657,630,700,612,668,631,594,637,684,595,688,622,659,669,655,654,669,637,634,667,671,659,637,643,625,628,691,693,659,655,708,625,657,633,625,723
];
d_bar = [
0,640,654,723,722,626,681,648,650,632,617,649,654,712,661,628,658,631,702,615,669,632,597,638,685,598,689,624,661,670,656,656,672,639,635,669,672,661,638,645,627,630,693,695,660,657,709,627,658,634,626,723
];
w = [
0,5,0.5,8.5,20,8,14,13,6,9,7,5.5,3,19,3.5,19,20,8,6,4.333333333,17,15,5.666666667,5,17,6,2,2,7,9,1,7,2.333333333,6,9,7.5,20,5.5,11,3,0.5,4,7.5,3.5,11,4.5,14,7,14,5,2,0
];
