r = [
0,42,424,368,18,369,148,293,281,111,382,153,376,226,135,232,246,19,287,292,185,399,265,386,79,392,109,216,270,406,166,208,220,426,118,278,398,36,67,123,14,248,139,122,240,373,330,95,58,211,10,0
];
p = [
0,3,8,25,23,27,20,5,24,7,29,13,12,6,3,11,11,29,28,23,26,7,16,25,26,20,16,30,27,24,19,7,15,29,11,28,5,20,11,1,21,28,24,16,11,9,19,3,25,15,28,0
];
e = [
0,5,15,19,10,12,7,7,19,8,20,8,9,17,7,3,16,2,6,18,2,10,5,6,14,8,4,3,5,2,20,17,16,5,16,13,11,15,19,17,14,15,11,12,12,1,1,7,18,9,19,0
];
d = [
0,462,876,821,474,799,606,721,698,575,830,593,839,627,557,691,702,434,691,741,633,830,673,798,533,805,504,670,713,799,623,679,616,866,585,754,823,495,529,586,448,667,612,596,645,769,788,558,462,608,458,877
];
d_bar = [
0,463,877,824,476,802,608,722,700,576,833,594,840,628,558,692,703,437,694,743,636,831,675,801,536,807,506,673,716,801,625,680,618,869,586,757,824,497,530,587,450,670,614,598,646,770,790,559,465,610,461,877
];
w = [
0,5,15,6.333333333,5,4,3.5,7,9.5,8,6.666666667,8,9,17,7,3,16,0.666666667,2,9,0.666666667,10,2.5,2,4.666666667,4,2,1,1.666666667,1,10,17,8,1.666666667,16,4.333333333,11,7.5,19,17,7,5,5.5,6,12,1,0.5,7,6,4.5,6.333333333,0
];
