r = [
0,322,13,172,330,42,425,62,137,62,333,190,79,352,39,373,141,17,191,227,178,65,192,260,213,209,327,62,378,381,359,231,405,167,17,173,332,369,253,200,10,77,178,321,415,290,190,229,151,133,360,0
];
p = [
0,5,16,3,20,13,2,26,23,1,30,24,7,29,1,20,19,12,25,24,16,5,3,2,19,15,25,20,16,21,28,23,23,30,25,19,4,15,19,10,7,25,22,27,18,22,22,28,5,13,29,0
];
e = [
0,5,14,9,17,7,11,1,2,7,4,17,14,9,18,7,3,5,1,11,14,19,15,12,5,12,15,17,7,1,5,10,7,6,13,18,14,2,5,13,15,15,8,4,14,17,2,7,6,5,6,0
];
d = [
0,769,421,632,756,507,893,485,567,460,767,653,502,779,480,792,571,422,626,665,621,511,605,667,640,613,760,457,842,836,776,698,802,581,452,623,725,775,638,654,435,541,593,727,851,678,649,623,564,547,781,894
];
d_bar = [
0,770,423,633,758,508,894,488,569,461,770,655,503,782,481,794,573,423,629,667,623,512,606,668,642,615,763,459,844,838,779,700,804,584,455,625,726,777,640,655,436,544,595,730,853,680,651,626,565,548,784,894
];
w = [
0,5,7,9,8.5,7,11,0.333333333,1,7,1.333333333,8.5,14,3,18,3.5,1.5,5,0.333333333,5.5,7,19,15,12,2.5,6,5,8.5,3.5,0.5,1.666666667,5,3.5,2,4.333333333,9,14,1,2.5,13,15,5,4,1.333333333,7,8.5,1,2.333333333,6,5,2,0
];
