r = [
0,54,262,136,84,186,45,290,10,78,112,140,106,407,366,122,324,82,315,333,318,162,151,323,184,103,29,40,351,84,69,243,365,394,90,13,324,276,130,185,100,192,171,338,86,159,198,341,76,52,15,0
];
p = [
0,18,14,15,8,29,18,25,14,17,7,22,16,3,29,7,18,28,22,28,7,22,27,14,21,11,15,17,28,4,16,21,26,19,12,19,21,12,19,16,11,10,3,18,1,19,19,2,18,21,14,0
];
e = [
0,11,19,9,4,18,15,16,16,8,15,17,4,2,16,17,1,16,14,15,17,8,11,8,8,16,10,6,8,15,5,4,18,16,13,12,15,5,10,10,3,15,20,16,20,5,7,16,9,17,6,0
];
d = [
0,488,685,578,485,571,417,715,396,462,485,577,511,831,747,500,730,481,726,716,730,574,537,702,627,506,460,413,775,514,483,615,811,776,530,446,715,712,511,591,498,622,600,718,500,560,626,777,496,480,465,832
];
d_bar = [
0,490,686,580,486,574,419,718,397,464,486,579,513,832,750,501,732,484,728,719,731,576,540,703,629,507,462,415,778,515,485,617,814,778,531,448,717,713,513,593,499,623,601,720,501,562,628,778,498,482,466,832
];
w = [
0,5.5,19,4.5,4,6,7.5,5.333333333,16,4,15,8.5,2,2,5.333333333,17,0.5,5.333333333,7,5,17,4,3.666666667,8,4,16,5,3,2.666666667,15,2.5,2,6,8,13,6,7.5,5,5,5,3,15,20,8,20,2.5,3.5,16,4.5,8.5,6,0
];
