r = [
0,579,46,572,515,654,577,227,644,519,329,690,260,138,666,685,220,136,648,262,402,395,596,92,419,672,197,588,92,165,409,393,436,430,253,658,614,662,703,310,418,289,579,522,543,544,178,293,34,613,223,0
];
p = [
0,1,13,27,21,10,1,9,25,30,19,20,2,21,25,16,8,18,15,16,20,11,27,30,4,17,13,25,30,28,5,13,3,6,23,27,5,27,1,6,16,3,4,9,30,30,18,8,19,16,18,0
];
e = [
0,15,9,3,20,7,9,10,10,14,12,3,11,6,14,8,1,16,11,17,6,8,12,16,3,6,8,3,6,20,7,5,7,13,1,16,5,2,2,9,19,6,14,8,17,13,13,1,7,3,19,0
];
d = [
0,816,223,797,536,922,669,387,740,639,488,837,522,159,817,911,277,375,758,278,422,451,623,163,482,918,322,730,122,193,584,496,439,493,423,685,619,748,722,504,595,292,583,715,718,715,237,359,224,629,241,927
];
d_bar = [
0,817,230,811,547,927,670,392,753,654,498,847,523,170,830,919,281,384,766,286,432,457,637,178,484,927,329,743,137,207,587,503,441,496,435,699,622,762,723,507,603,294,585,720,733,730,246,363,234,637,250,927
];
w = [
0,15,1.285714286,0.214285714,1.818181818,1.4,9,2,0.769230769,0.933333333,1.2,0.3,11,0.545454545,1.076923077,1,0.25,1.777777778,1.375,2.125,0.6,1.333333333,0.857142857,1.066666667,1.5,0.666666667,1.142857143,0.230769231,0.4,1.428571429,2.333333333,0.714285714,3.5,4.333333333,0.083333333,1.142857143,1.666666667,0.142857143,2,3,2.375,3,7,1.6,1.133333333,0.866666667,1.444444444,0.25,0.7,0.375,2.111111111,0
];
