r = [
0,594,72,92,511,177,653,368,600,763,714,723,54,32,612,157,495,46,274,301,30,683,56,623,384,604,685,119,215,165,31,372,430,207,308,589,331,744,313,301,168,19,492,169,504,760,234,748,80,648,268,0
];
p = [
0,24,30,21,21,21,16,20,28,30,26,29,12,24,9,14,30,17,15,21,16,29,1,5,30,5,9,6,6,14,28,5,6,5,20,14,9,26,14,25,11,26,15,8,12,23,14,25,4,8,21,0
];
e = [
0,3,8,13,5,12,18,20,19,6,14,17,3,18,5,15,20,13,16,4,7,17,18,10,1,6,11,3,1,12,4,14,14,4,10,6,13,8,4,2,13,2,3,1,19,12,9,12,1,11,11,0
];
d = [
0,618,295,287,532,198,692,388,628,949,941,752,66,56,621,502,525,495,381,651,271,1121,57,932,414,609,694,174,221,179,485,587,844,353,772,603,340,930,327,326,232,45,507,355,695,783,248,909,117,1003,589,1147
];
d_bar = [
0,640,322,306,551,217,706,406,653,976,964,778,77,78,629,515,552,510,395,670,285,1147,58,937,441,614,702,179,226,192,510,592,849,358,790,616,348,953,340,349,242,68,521,362,706,804,261,932,121,1010,608,1147
];
w = [
0,0.136363636,0.296296296,0.684210526,0.263157895,0.631578947,1.285714286,1.111111111,0.76,0.222222222,0.608695652,0.653846154,0.272727273,0.818181818,0.625,1.153846154,0.740740741,0.866666667,1.142857143,0.210526316,0.5,0.653846154,18,2,0.037037037,1.2,1.375,0.6,0.2,0.923076923,0.16,2.8,2.8,0.8,0.555555556,0.461538462,1.625,0.347826087,0.307692308,0.086956522,1.3,0.086956522,0.214285714,0.142857143,1.727272727,0.571428571,0.692307692,0.52173913,0.25,1.571428571,0.578947368,0
];
