r = [
0,153,130,319,187,342,271,122,183,359,245,292,69,154,65,143,360,256,276,106,296,23,144,65,241,70,166,172,248,38,83,5,246,131,293,210,245,236,97,5,328,4,145,118,227,20,37,59,308,177,113,0
];
p = [
0,2,12,28,2,6,25,19,12,14,12,5,8,3,23,11,10,21,4,4,15,7,1,11,24,5,19,17,18,4,18,25,13,2,15,15,7,30,26,11,5,24,27,27,19,28,2,27,20,21,26,0
];
e = [
0,12,16,18,3,16,1,1,14,10,17,11,9,16,13,17,17,13,4,13,10,3,15,7,6,12,8,8,20,6,16,16,1,5,3,17,20,9,12,14,11,6,19,16,11,8,18,6,13,12,2,0
];
d = [
0,338,661,824,730,526,665,478,720,551,590,720,444,504,470,513,656,674,641,348,483,214,401,305,464,381,625,684,720,568,576,324,641,465,678,552,527,653,586,543,628,275,635,318,703,516,459,379,511,395,449,838
];
d_bar = [
0,339,667,838,731,529,678,488,726,558,596,723,448,506,482,519,661,685,643,350,491,218,402,311,476,384,635,693,729,570,585,337,648,466,686,560,531,668,599,549,631,287,649,332,713,530,460,393,521,406,462,838
];
w = [
0,12,2.666666667,1.285714286,3,5.333333333,0.076923077,0.1,2.333333333,1.428571429,2.833333333,3.666666667,2.25,8,1.083333333,2.833333333,3.4,1.181818182,2,6.5,1.25,0.75,15,1.166666667,0.5,4,0.8,0.888888889,2.222222222,3,1.777777778,1.230769231,0.142857143,5,0.375,2.125,5,0.6,0.923076923,2.333333333,3.666666667,0.5,1.357142857,1.142857143,1.1,0.571428571,18,0.428571429,1.3,1.090909091,0.153846154,0
];
