r = [
0,25,42,40,21,52,62,40,47,19,7,43,42,47,2,45,17,49,9,69,34,43,1,21,66,6,25,40,6,38,67,50,3,2,57,22,46,15,42,59,10,44,54,21,61,6,44,52,18,34,47,0
];
p = [
0,12,7,21,9,26,12,2,10,4,22,3,15,15,19,5,29,18,25,7,22,15,11,4,10,1,11,2,5,19,16,22,7,29,18,21,14,16,30,12,8,17,18,21,11,8,9,30,18,16,5,0
];
e = [
0,17,6,20,17,15,12,19,19,6,17,5,2,19,4,16,4,4,13,4,17,12,7,14,3,6,13,9,17,8,2,18,6,10,20,19,13,17,4,8,17,1,19,2,6,20,10,14,2,1,9,0
];
d = [
0,607,708,529,696,694,580,548,728,670,517,643,617,675,703,616,819,726,559,572,697,617,747,674,700,504,548,566,695,684,856,816,744,725,748,835,631,786,524,645,630,795,688,664,637,755,601,851,560,626,813,866
];
d_bar = [
0,613,712,540,701,707,586,549,733,672,528,645,625,683,713,619,834,735,572,576,708,625,753,676,705,505,554,567,698,694,864,827,748,740,757,846,638,794,539,651,634,804,697,675,643,759,606,866,569,634,816,866
];
w = [
0,2.833333333,1.5,1.818181818,3.4,1.153846154,2,19,3.8,3,1.545454545,2.5,0.25,2.375,0.4,5.333333333,0.266666667,0.444444444,1,1,1.545454545,1.5,1.166666667,7,0.6,6,2.166666667,9,5.666666667,0.8,0.25,1.636363636,1.5,0.666666667,2.222222222,1.727272727,1.857142857,2.125,0.266666667,1.333333333,4.25,0.111111111,2.111111111,0.181818182,1,5,2,0.933333333,0.222222222,0.125,3,0
];
