r = [
0,141,287,140,47,243,392,171,391,196,392,381,335,4,123,110,128,275,32,245,98,399,384,133,44,39,105,258,379,4,110,63,316,260,130,92,210,149,390,95,158,221,345,30,254,109,247,4,162,330,154,0
];
p = [
0,8,26,14,9,20,1,2,9,4,22,15,17,23,13,19,13,21,28,11,26,21,26,7,24,25,15,10,26,20,8,3,17,30,29,24,13,2,23,29,28,15,23,12,17,17,8,9,18,5,14,0
];
e = [
0,19,3,13,3,17,14,8,4,14,1,8,4,8,1,1,15,10,17,17,19,14,9,3,15,5,16,2,17,1,9,10,8,16,4,8,13,19,19,19,20,6,9,15,6,11,19,15,18,12,10,0
];
d = [
0,470,653,732,282,674,873,543,856,798,911,742,935,324,406,328,645,750,327,760,425,909,820,718,545,552,715,793,805,512,580,658,601,564,527,422,517,409,990,529,540,637,813,631,782,568,857,604,479,758,420,1002
];
d_bar = [
0,474,666,739,287,684,874,544,861,800,922,750,944,336,413,338,652,761,341,766,438,920,833,722,557,565,723,798,818,522,584,660,610,579,542,434,524,410,1002,544,554,645,825,637,791,577,861,609,488,761,427,1002
];
w = [
0,4.75,0.230769231,1.857142857,0.6,1.7,14,8,0.8,7,0.090909091,1,0.444444444,0.666666667,0.142857143,0.1,2.142857143,0.909090909,1.214285714,2.833333333,1.461538462,1.272727273,0.692307692,0.75,1.25,0.384615385,2,0.4,1.307692308,0.1,2.25,5,0.888888889,1.066666667,0.266666667,0.666666667,1.857142857,19,1.583333333,1.266666667,1.428571429,0.75,0.75,2.5,0.666666667,1.222222222,4.75,3,2,4,1.428571429,0
];
