r = [
0,395,563,492,76,278,203,293,206,61,352,270,31,303,85,11,128,161,36,95,527,279,214,391,97,445,371,48,560,425,526,205,370,126,117,175,264,293,569,576,22,170,39,282,546,306,273,277,433,229,547,0
];
p = [
0,17,3,21,15,21,6,28,14,2,4,18,27,5,6,8,9,9,16,3,5,12,21,7,11,29,3,6,12,30,13,1,18,29,8,9,13,9,20,9,8,2,13,29,5,21,17,3,29,5,26,0
];
e = [
0,7,3,11,9,18,11,13,17,19,12,10,12,14,9,6,15,7,18,2,2,11,3,2,11,7,16,8,3,17,12,3,10,4,4,16,17,8,8,9,2,4,16,18,1,8,19,12,5,20,3,0
];
d = [
0,472,638,537,174,360,251,328,275,136,433,314,98,395,155,80,199,202,98,150,611,345,277,459,132,503,440,134,643,467,576,276,438,198,165,264,335,384,663,618,56,264,91,333,623,368,310,338,480,269,639,665
];
d_bar = [
0,474,639,539,176,362,252,331,276,137,434,316,101,396,156,81,200,203,100,151,612,346,279,460,133,506,441,135,644,470,577,277,440,201,166,265,336,385,665,619,57,265,92,336,624,370,312,339,483,270,642,665
];
w = [
0,3.5,3,5.5,4.5,9,11,4.333333333,17,19,12,5,4,14,9,6,15,7,9,2,2,11,1.5,2,11,2.333333333,16,8,3,5.666666667,12,3,5,1.333333333,4,16,17,8,4,9,2,4,16,6,1,4,9.5,12,1.666666667,20,1,0
];
