r = [
0,533,465,121,583,501,352,264,56,94,61,167,147,86,464,60,414,40,375,254,502,636,236,487,583,2,440,430,134,385,322,309,509,631,401,378,353,117,514,195,463,446,464,530,174,617,133,596,387,73,149,0
];
p = [
0,5,24,12,14,9,23,11,18,15,30,20,2,12,8,19,2,28,15,15,25,17,16,13,1,5,19,28,18,26,30,23,7,9,8,4,13,10,2,22,16,1,2,1,21,28,22,3,4,26,24,0
];
e = [
0,13,1,20,18,15,13,5,7,12,19,13,17,4,18,17,18,13,13,13,9,5,6,18,18,12,17,20,17,20,18,18,20,8,10,13,16,7,13,10,11,13,3,13,20,15,11,12,9,15,4,0
];
d = [
0,721,489,223,597,815,375,481,74,109,272,248,452,303,472,86,416,68,516,393,527,653,289,804,584,277,459,458,152,411,352,461,516,948,781,489,366,399,833,362,685,447,466,855,195,645,178,613,391,292,173,956
];
d_bar = [
0,726,511,234,610,823,396,491,90,123,299,266,454,314,479,103,418,93,530,407,550,668,303,816,585,282,476,483,168,434,379,482,522,956,788,493,378,408,835,382,699,448,468,856,214,670,198,616,395,315,195,956
];
w = [
0,2.6,0.045454545,1.818181818,1.384615385,1.875,0.619047619,0.5,0.4375,0.857142857,0.703703704,0.722222222,8.5,0.363636364,2.571428571,1,9,0.52,0.928571429,0.928571429,0.391304348,0.333333333,0.428571429,1.5,18,2.4,1,0.8,1.0625,0.869565217,0.666666667,0.857142857,3.333333333,1,1.428571429,3.25,1.333333333,0.777777778,6.5,0.5,0.785714286,13,1.5,13,1.052631579,0.6,0.55,4,2.25,0.652173913,0.181818182,0
];
