r = [
0,80,330,129,206,299,199,298,319,216,68,80,369,342,364,204,157,149,298,218,152,89,278,24,4,367,51,73,367,305,364,16,267,328,144,171,40,195,214,153,60,68,67,361,66,50,55,294,148,293,225,0
];
p = [
0,26,28,13,20,29,20,1,6,10,16,19,18,13,5,12,6,25,11,3,1,26,17,8,24,11,28,29,29,9,5,18,15,18,17,12,14,9,19,9,29,6,3,13,9,25,4,20,7,8,28,0
];
e = [
0,12,1,19,11,9,12,10,15,5,18,16,4,14,4,3,9,1,20,1,4,10,11,2,8,14,5,2,17,1,4,14,14,1,15,10,5,14,9,18,4,1,14,6,2,5,12,7,3,8,11,0
];
d = [
0,446,736,470,554,651,597,658,666,612,427,491,772,725,728,568,506,544,700,581,561,447,653,385,344,772,424,423,771,703,774,382,630,707,500,560,418,598,580,522,435,468,405,760,442,457,455,643,508,669,602,775
];
d_bar = [
0,449,739,471,556,654,599,659,667,613,429,493,774,726,729,569,507,547,701,582,562,450,655,386,346,773,427,426,774,704,775,384,632,709,502,561,419,599,582,523,438,469,406,761,443,460,456,645,509,670,605,775
];
w = [
0,4,0.333333333,19,5.5,3,6,10,15,5,9,8,2,14,4,3,9,0.333333333,20,1,4,3.333333333,5.5,2,4,14,1.666666667,0.666666667,5.666666667,1,4,7,7,0.5,7.5,10,5,14,4.5,18,1.333333333,1,14,6,2,1.666666667,12,3.5,3,8,3.666666667,0
];
