r = [
0,57,50,8,61,6,36,30,69,24,3,8,52,72,2,57,47,72,51,52,35,56,65,74,67,25,1,29,41,32,69,65,20,47,31,1,36,44,52,58,59,28,36,11,29,64,32,41,54,66,29,0
];
p = [
0,30,4,29,5,24,19,7,18,24,30,29,14,20,9,17,3,10,11,20,23,4,21,1,11,7,14,21,2,4,18,17,27,17,20,8,7,23,11,14,12,5,20,11,25,26,26,24,13,21,2,0
];
e = [
0,17,11,17,7,5,4,18,2,14,17,20,15,8,20,16,20,2,14,17,18,9,13,12,11,14,5,16,12,8,9,20,3,11,17,13,6,8,10,16,18,16,5,14,8,14,3,10,18,4,11,0
];
d = [
0,735,750,740,780,681,722,707,763,701,734,678,728,788,704,731,738,809,743,783,714,793,782,769,738,740,669,738,766,732,806,732,708,755,739,696,731,770,752,729,751,711,745,683,711,740,734,736,746,786,716,810
];
d_bar = [
0,738,751,743,781,683,724,708,765,703,737,681,729,790,705,733,739,810,744,785,716,794,784,770,739,741,670,740,767,733,808,734,711,757,741,697,732,772,753,730,752,712,747,684,714,743,737,738,747,788,717,810
];
w = [
0,5.666666667,11,5.666666667,7,2.5,2,18,1,7,5.666666667,6.666666667,15,4,20,8,20,2,14,8.5,9,9,6.5,12,11,14,5,8,12,8,4.5,10,1,5.5,8.5,13,6,4,10,16,18,16,2.5,14,2.666666667,4.666666667,1,5,18,2,11,0
];
